file,predictor,prediction_type,execution_time,num_executions,initial_predictions_indexes,refined_predictions_indexes,guide_attempt,guided_predictions_indexes,covered_lines,num_covered_lines,total_lines,coverage_percentage,minimal_predictions_set,minimal_predictions_set_size,max_coverage_prediction,max_coverage_prediction_value,avg_exec_time
./so_snippets/snippet_416.py,GPTValuePredictor,initial,67.52968668937683,1,[0],{},0,{},"{12576, 12577}",2,2,1.0,['snippet_416_initial_0'],1,snippet_416_initial_0,1.0,67.52968668937683
./so_snippets/snippet_416.py,GPTValuePredictor,refine,4.529953002929688e-06,0,[0],{},0,{},"{12576, 12577}",2,2,1.0,['snippet_416_initial_0'],1,snippet_416_initial_0,1.0,0.0
./so_snippets/snippet_416.py,GPTValuePredictor,guide,0.0002231597900390625,0,[0],{},0,{},"{12576, 12577}",2,2,1.0,['snippet_416_initial_0'],1,snippet_416_initial_0,1.0,0.0
