prompt,raw_predictions,predictions,prompt_type,input_size,input_price,output_size,output_price,total_price
"Provide self-contained and concrete Python values to initialize the undefined variables in the code snippet.

# begin code snippet
""""""
    Checks the pre-condition that @string has the format that you would expect
    of `leaf.value` where `leaf` is some Leaf such that `leaf.type ==
    token.STRING`. A more precise description of the pre-conditions that are
    checked are listed below.

    Pre-conditions:
        * @string starts with either ', "", <prefix>', or <prefix>"" where
        `set(<prefix>)` is some subset of `set(STRING_PREFIX_CHARS)`.
        * @string ends with a quote character (' or "").

    Raises:
        AssertionError(...) if the pre-conditions listed above are not
        satisfied.
    """"""
dquote_idx = string.find('""')
squote_idx = string.find(""'"")
if -1 in [dquote_idx, squote_idx]:
    quote_idx = max(dquote_idx, squote_idx)
else:
    quote_idx = min(squote_idx, dquote_idx)

assert (
    0 <= quote_idx < len(string) - 1
), f""{string!r} is missing a starting quote character (' or \"").""
assert string[-1] in (
    ""'"",
    '""',
), f""{string!r} is missing an ending quote character (' or \"").""
assert set(string[:quote_idx]).issubset(
    set(STRING_PREFIX_CHARS)
), f""{set(string[:quote_idx])} is NOT a subset of {set(STRING_PREFIX_CHARS)}.""

# end code snippet

# begin undefined variables
string
STRING_PREFIX_CHARS
# end undefined variables

# begin undefined attributes and methods
string.find
# end undefined attributes and methods

Respond strictly with JSON. The JSON should be compatible with the TypeScript type `Response` from the following:

```ts
interface Response {
// Python import statements needed in the initialization code. One string per import.
imports: string[];
// Python code to initialize the undefined variables and make the code snippet executable. One string per undefined variable. The statements in the code snippet above are not part of the initialization of undefined variables. Therefore, their copy or modified versions should not be added here. The values should be self-contained and concrete, i.e. without assumptions or expected replacements of any code that is not present in the code snippet. In case there are undefined attributes or methods and the attribute or method base is not initialized, initialize the attribute or method base using type(""Mock"", bases, dict), where bases is a tuple containing the base classes that the Mock object inherits from, e.g. object, and dict is a dictionary containing the initialization of the undefined attributes and methods in the code snippet.
initialization: string[];
}
```","[
    {
        ""imports"": [],
        ""initialization"": [
            ""string = \""<prefix>example_string'\"""",
            ""STRING_PREFIX_CHARS = 'abcdefghijklmnopqrstuvwxyzABCDEFGHIJKLMNOPQRSTUVWXYZ0123456789_'""
        ]
    },
    {
        ""imports"": [],
        ""initialization"": [
            ""string = \""<prefix>sample_string'\"""",
            ""STRING_PREFIX_CHARS = '<prefix>'""
        ]
    },
    {
        ""imports"": [],
        ""initialization"": [
            ""string = 'example_string_prefix\""'"",
            ""STRING_PREFIX_CHARS = 'abcdefghijklmnopqrstuvwxyzABCDEFGHIJKLMNOPQRSTUVWXYZ0123456789_'""
        ]
    },
    {
        ""imports"": [],
        ""initialization"": [
            ""string = \""<prefix>'This is a test string'\"""",
            ""STRING_PREFIX_CHARS = set('<prefix>')""
        ]
    },
    {
        ""imports"": [],
        ""initialization"": [
            ""string = 'example_prefix\""'"",
            ""STRING_PREFIX_CHARS = 'abcdefghijklmnopqrstuvwxyzABCDEFGHIJKLMNOPQRSTUVWXYZ0123456789_'""
        ]
    },
    {
        ""imports"": [],
        ""initialization"": [
            ""string = \""<prefix>'example_string'\"""",
            ""STRING_PREFIX_CHARS = set('<prefix>')""
        ]
    },
    {
        ""imports"": [],
        ""initialization"": [
            ""string = 'example_prefix\""'"",
            ""STRING_PREFIX_CHARS = 'abcdefghijklmnopqrstuvwxyzABCDEFGHIJKLMNOPQRSTUVWXYZ_ '""
        ]
    },
    {
        ""imports"": [],
        ""initialization"": [
            ""string = \""<prefix>example string'\"""",
            ""STRING_PREFIX_CHARS = {'<', '@', '!', '#'}""
        ]
    },
    {
        ""imports"": [],
        ""initialization"": [
            ""STRING_PREFIX_CHARS = 'abcdefghijklmnopqrstuvwxyzABCDEFGHIJKLMNOPQRSTUVWXYZ_'"",
            ""string = \""'example_string'\""""
        ]
    },
    {
        ""imports"": [],
        ""initialization"": [
            ""string = 'test string with a prefix'"",
            ""STRING_PREFIX_CHARS = 'abcdefghijklmnopqrstuvwxyz'""
        ]
    }
]","[
    {
        ""imports"": [
            """"
        ],
        ""initialization"": [
            ""string = \""<prefix>example_string'\"" # pragma: no cover"",
            ""STRING_PREFIX_CHARS = 'abcdefghijklmnopqrstuvwxyzABCDEFGHIJKLMNOPQRSTUVWXYZ0123456789_' # pragma: no cover""
        ]
    },
    {
        ""imports"": [
            """"
        ],
        ""initialization"": [
            ""string = \""<prefix>sample_string'\"" # pragma: no cover"",
            ""STRING_PREFIX_CHARS = '<prefix>' # pragma: no cover""
        ]
    },
    {
        ""imports"": [
            """"
        ],
        ""initialization"": [
            ""string = 'example_string_prefix\""' # pragma: no cover"",
            ""STRING_PREFIX_CHARS = 'abcdefghijklmnopqrstuvwxyzABCDEFGHIJKLMNOPQRSTUVWXYZ0123456789_' # pragma: no cover""
        ]
    },
    {
        ""imports"": [
            """"
        ],
        ""initialization"": [
            ""string = \""<prefix>'This is a test string'\"" # pragma: no cover"",
            ""STRING_PREFIX_CHARS = set('<prefix>') # pragma: no cover""
        ]
    },
    {
        ""imports"": [
            """"
        ],
        ""initialization"": [
            ""string = 'example_prefix\""' # pragma: no cover"",
            ""STRING_PREFIX_CHARS = 'abcdefghijklmnopqrstuvwxyzABCDEFGHIJKLMNOPQRSTUVWXYZ0123456789_' # pragma: no cover""
        ]
    },
    {
        ""imports"": [
            """"
        ],
        ""initialization"": [
            ""string = \""<prefix>'example_string'\"" # pragma: no cover"",
            ""STRING_PREFIX_CHARS = set('<prefix>') # pragma: no cover""
        ]
    },
    {
        ""imports"": [
            """"
        ],
        ""initialization"": [
            ""string = 'example_prefix\""' # pragma: no cover"",
            ""STRING_PREFIX_CHARS = 'abcdefghijklmnopqrstuvwxyzABCDEFGHIJKLMNOPQRSTUVWXYZ_ ' # pragma: no cover""
        ]
    },
    {
        ""imports"": [
            """"
        ],
        ""initialization"": [
            ""string = \""<prefix>example string'\"" # pragma: no cover"",
            ""STRING_PREFIX_CHARS = {'<', '@', '!', '#'} # pragma: no cover""
        ]
    },
    {
        ""imports"": [
            """"
        ],
        ""initialization"": [
            ""STRING_PREFIX_CHARS = 'abcdefghijklmnopqrstuvwxyzABCDEFGHIJKLMNOPQRSTUVWXYZ_' # pragma: no cover"",
            ""string = \""'example_string'\"" # pragma: no cover""
        ]
    },
    {
        ""imports"": [
            """"
        ],
        ""initialization"": [
            ""string = 'test string with a prefix' # pragma: no cover"",
            ""STRING_PREFIX_CHARS = 'abcdefghijklmnopqrstuvwxyz' # pragma: no cover""
        ]
    }
]",1,596,0.000298,455,0.0006825,0.0009805
"When trying to execute the code snippet with the provided imports and initialization, the following error happens:
# begin error message
Execution error at line 27:
    assert (
AssertionError: ""<prefix>example_string'"" is missing a starting quote character (' or "").
# end error message

Please, provide self-contained and concrete Python fixed values of the imports and initialization to solve the error and make the code snippet executable.
Respond strictly with JSON. The JSON should be compatible with the TypeScript type `Response` from the following:

```ts
interface Response {
// Python import statements needed in the initialization code. One string per import.
imports: string[];
// Python code to initialize the undefined variables and make the code snippet executable. One string per undefined variable. The statements in the code snippet above are not part of the initialization of undefined variables. Therefore, their copy or modified versions should not be added here. The values should be self-contained and concrete, i.e. without assumptions or expected replacements of any code that is not present in the code snippet. In case there are undefined attributes or methods and the attribute or method base is not initialized, initialize the attribute or method base using type(""Mock"", bases, dict), where bases is a tuple containing the base classes that the Mock object inherits from, e.g. object, and dict is a dictionary containing the initialization of the undefined attributes and methods in the code snippet.
initialization: string[];
}
```","[
    {
        ""imports"": [],
        ""initialization"": [
            ""string = \""'<prefix>example_string'\"""",
            ""STRING_PREFIX_CHARS = 'abcdefghijklmnopqrstuvwxyzABCDEFGHIJKLMNOPQRSTUVWXYZ0123456789_'""
        ]
    },
    {
        ""imports"": [],
        ""initialization"": [
            ""string = \""'example_string'\"""",
            ""STRING_PREFIX_CHARS = 'abcdefghijklmnopqrstuvwxyzABCDEFGHIJKLMNOPQRSTUVWXYZ0123456789_'""
        ]
    },
    {
        ""imports"": [],
        ""initialization"": [
            ""string = '\""<prefix>example_string\""'"",
            ""STRING_PREFIX_CHARS = 'abcdefghijklmnopqrstuvwxyzABCDEFGHIJKLMNOPQRSTUVWXYZ0123456789_'""
        ]
    },
    {
        ""imports"": [],
        ""initialization"": [
            ""string = '\""<prefix>example_string\""'"",
            ""STRING_PREFIX_CHARS = 'abcdefghijklmnopqrstuvwxyzABCDEFGHIJKLMNOPQRSTUVWXYZ0123456789_'""
        ]
    },
    {
        ""imports"": [],
        ""initialization"": [
            ""string = '\""<prefix>example_string\""'"",
            ""STRING_PREFIX_CHARS = 'abcdefghijklmnopqrstuvwxyzABCDEFGHIJKLMNOPQRSTUVWXYZ0123456789_'""
        ]
    },
    {
        ""imports"": [],
        ""initialization"": [
            ""string = '\""<prefix>example_string\""'"",
            ""STRING_PREFIX_CHARS = 'abcdefghijklmnopqrstuvwxyzABCDEFGHIJKLMNOPQRSTUVWXYZ0123456789_'""
        ]
    },
    {
        ""imports"": [],
        ""initialization"": [
            ""string = '\""<prefix>example_string\""'"",
            ""STRING_PREFIX_CHARS = 'abcdefghijklmnopqrstuvwxyzABCDEFGHIJKLMNOPQRSTUVWXYZ0123456789_'""
        ]
    },
    {
        ""imports"": [],
        ""initialization"": [
            ""string = 'example_string'"",
            ""STRING_PREFIX_CHARS = 'abcdefghijklmnopqrstuvwxyzABCDEFGHIJKLMNOPQRSTUVWXYZ0123456789_'""
        ]
    },
    {
        ""imports"": [],
        ""initialization"": [
            ""string = '\""<prefix>example_string\""'"",
            ""STRING_PREFIX_CHARS = 'abcdefghijklmnopqrstuvwxyzABCDEFGHIJKLMNOPQRSTUVWXYZ0123456789_'""
        ]
    },
    {
        ""imports"": [],
        ""initialization"": [
            ""string = \""'example_string'\"""",
            ""STRING_PREFIX_CHARS = 'abcdefghijklmnopqrstuvwxyzABCDEFGHIJKLMNOPQRSTUVWXYZ0123456789_'""
        ]
    }
]","[
    {
        ""imports"": [
            """"
        ],
        ""initialization"": [
            ""string = \""'<prefix>example_string'\"" # pragma: no cover"",
            ""STRING_PREFIX_CHARS = 'abcdefghijklmnopqrstuvwxyzABCDEFGHIJKLMNOPQRSTUVWXYZ0123456789_' # pragma: no cover""
        ]
    },
    {
        ""imports"": [
            """"
        ],
        ""initialization"": [
            ""string = \""'example_string'\"" # pragma: no cover"",
            ""STRING_PREFIX_CHARS = 'abcdefghijklmnopqrstuvwxyzABCDEFGHIJKLMNOPQRSTUVWXYZ0123456789_' # pragma: no cover""
        ]
    },
    {
        ""imports"": [
            """"
        ],
        ""initialization"": [
            ""string = '\""<prefix>example_string\""' # pragma: no cover"",
            ""STRING_PREFIX_CHARS = 'abcdefghijklmnopqrstuvwxyzABCDEFGHIJKLMNOPQRSTUVWXYZ0123456789_' # pragma: no cover""
        ]
    },
    {
        ""imports"": [
            """"
        ],
        ""initialization"": [
            ""string = '\""<prefix>example_string\""' # pragma: no cover"",
            ""STRING_PREFIX_CHARS = 'abcdefghijklmnopqrstuvwxyzABCDEFGHIJKLMNOPQRSTUVWXYZ0123456789_' # pragma: no cover""
        ]
    },
    {
        ""imports"": [
            """"
        ],
        ""initialization"": [
            ""string = '\""<prefix>example_string\""' # pragma: no cover"",
            ""STRING_PREFIX_CHARS = 'abcdefghijklmnopqrstuvwxyzABCDEFGHIJKLMNOPQRSTUVWXYZ0123456789_' # pragma: no cover""
        ]
    },
    {
        ""imports"": [
            """"
        ],
        ""initialization"": [
            ""string = '\""<prefix>example_string\""' # pragma: no cover"",
            ""STRING_PREFIX_CHARS = 'abcdefghijklmnopqrstuvwxyzABCDEFGHIJKLMNOPQRSTUVWXYZ0123456789_' # pragma: no cover""
        ]
    },
    {
        ""imports"": [
            """"
        ],
        ""initialization"": [
            ""string = '\""<prefix>example_string\""' # pragma: no cover"",
            ""STRING_PREFIX_CHARS = 'abcdefghijklmnopqrstuvwxyzABCDEFGHIJKLMNOPQRSTUVWXYZ0123456789_' # pragma: no cover""
        ]
    },
    {
        ""imports"": [
            """"
        ],
        ""initialization"": [
            ""string = 'example_string' # pragma: no cover"",
            ""STRING_PREFIX_CHARS = 'abcdefghijklmnopqrstuvwxyzABCDEFGHIJKLMNOPQRSTUVWXYZ0123456789_' # pragma: no cover""
        ]
    },
    {
        ""imports"": [
            """"
        ],
        ""initialization"": [
            ""string = '\""<prefix>example_string\""' # pragma: no cover"",
            ""STRING_PREFIX_CHARS = 'abcdefghijklmnopqrstuvwxyzABCDEFGHIJKLMNOPQRSTUVWXYZ0123456789_' # pragma: no cover""
        ]
    },
    {
        ""imports"": [
            """"
        ],
        ""initialization"": [
            ""string = \""'example_string'\"" # pragma: no cover"",
            ""STRING_PREFIX_CHARS = 'abcdefghijklmnopqrstuvwxyzABCDEFGHIJKLMNOPQRSTUVWXYZ0123456789_' # pragma: no cover""
        ]
    }
]",2,940,0.00047,481,0.0007215,0.0011915
"When trying to execute the code snippet with the provided imports and initialization, the following error happens:
# begin error message
Execution error at line 27:
    assert (
AssertionError: ""<prefix>sample_string'"" is missing a starting quote character (' or "").
# end error message

Please, provide self-contained and concrete Python fixed values of the imports and initialization to solve the error and make the code snippet executable.
Respond strictly with JSON. The JSON should be compatible with the TypeScript type `Response` from the following:

```ts
interface Response {
// Python import statements needed in the initialization code. One string per import.
imports: string[];
// Python code to initialize the undefined variables and make the code snippet executable. One string per undefined variable. The statements in the code snippet above are not part of the initialization of undefined variables. Therefore, their copy or modified versions should not be added here. The values should be self-contained and concrete, i.e. without assumptions or expected replacements of any code that is not present in the code snippet. In case there are undefined attributes or methods and the attribute or method base is not initialized, initialize the attribute or method base using type(""Mock"", bases, dict), where bases is a tuple containing the base classes that the Mock object inherits from, e.g. object, and dict is a dictionary containing the initialization of the undefined attributes and methods in the code snippet.
initialization: string[];
}
```","[
    {
        ""imports"": [],
        ""initialization"": [
            ""string = '\""<prefix>sample_string\""'"",
            ""STRING_PREFIX_CHARS = '<prefix>'""
        ]
    },
    {
        ""imports"": [],
        ""initialization"": [
            ""string = '\""<prefix>sample_string\""'"",
            ""STRING_PREFIX_CHARS = '<prefix>'""
        ]
    },
    {
        ""imports"": [],
        ""initialization"": [
            ""string = '\""<prefix>sample_string\""'"",
            ""STRING_PREFIX_CHARS = '<prefix>'""
        ]
    },
    {
        ""imports"": [],
        ""initialization"": [
            ""string = '\""<prefix>sample_string\""'"",
            ""STRING_PREFIX_CHARS = '<prefix>'""
        ]
    },
    {
        ""imports"": [],
        ""initialization"": [
            ""string = '\""<prefix>sample_string\""'"",
            ""STRING_PREFIX_CHARS = '<prefix>'""
        ]
    },
    {
        ""imports"": [],
        ""initialization"": [
            ""string = '\""<prefix>sample_string\""'"",
            ""STRING_PREFIX_CHARS = '<prefix>'""
        ]
    },
    {
        ""imports"": [],
        ""initialization"": [
            ""string = '\""<prefix>sample_string\""'"",
            ""STRING_PREFIX_CHARS = '<prefix>'""
        ]
    },
    {
        ""imports"": [],
        ""initialization"": [
            ""string = '\""<prefix>sample_string\""'"",
            ""STRING_PREFIX_CHARS = '<prefix>'""
        ]
    },
    {
        ""imports"": [],
        ""initialization"": [
            ""string = '\""<prefix>sample_string\""'"",
            ""STRING_PREFIX_CHARS = '<prefix>'""
        ]
    },
    {
        ""imports"": [],
        ""initialization"": [
            ""string = '\""<prefix>sample_string\""'"",
            ""STRING_PREFIX_CHARS = '<prefix>'""
        ]
    }
]","[
    {
        ""imports"": [
            """"
        ],
        ""initialization"": [
            ""string = '\""<prefix>sample_string\""' # pragma: no cover"",
            ""STRING_PREFIX_CHARS = '<prefix>' # pragma: no cover""
        ]
    },
    {
        ""imports"": [
            """"
        ],
        ""initialization"": [
            ""string = '\""<prefix>sample_string\""' # pragma: no cover"",
            ""STRING_PREFIX_CHARS = '<prefix>' # pragma: no cover""
        ]
    },
    {
        ""imports"": [
            """"
        ],
        ""initialization"": [
            ""string = '\""<prefix>sample_string\""' # pragma: no cover"",
            ""STRING_PREFIX_CHARS = '<prefix>' # pragma: no cover""
        ]
    },
    {
        ""imports"": [
            """"
        ],
        ""initialization"": [
            ""string = '\""<prefix>sample_string\""' # pragma: no cover"",
            ""STRING_PREFIX_CHARS = '<prefix>' # pragma: no cover""
        ]
    },
    {
        ""imports"": [
            """"
        ],
        ""initialization"": [
            ""string = '\""<prefix>sample_string\""' # pragma: no cover"",
            ""STRING_PREFIX_CHARS = '<prefix>' # pragma: no cover""
        ]
    },
    {
        ""imports"": [
            """"
        ],
        ""initialization"": [
            ""string = '\""<prefix>sample_string\""' # pragma: no cover"",
            ""STRING_PREFIX_CHARS = '<prefix>' # pragma: no cover""
        ]
    },
    {
        ""imports"": [
            """"
        ],
        ""initialization"": [
            ""string = '\""<prefix>sample_string\""' # pragma: no cover"",
            ""STRING_PREFIX_CHARS = '<prefix>' # pragma: no cover""
        ]
    },
    {
        ""imports"": [
            """"
        ],
        ""initialization"": [
            ""string = '\""<prefix>sample_string\""' # pragma: no cover"",
            ""STRING_PREFIX_CHARS = '<prefix>' # pragma: no cover""
        ]
    },
    {
        ""imports"": [
            """"
        ],
        ""initialization"": [
            ""string = '\""<prefix>sample_string\""' # pragma: no cover"",
            ""STRING_PREFIX_CHARS = '<prefix>' # pragma: no cover""
        ]
    },
    {
        ""imports"": [
            """"
        ],
        ""initialization"": [
            ""string = '\""<prefix>sample_string\""' # pragma: no cover"",
            ""STRING_PREFIX_CHARS = '<prefix>' # pragma: no cover""
        ]
    }
]",2,1279,0.0006395,440,0.00066,0.0012994999999999
"When trying to execute the code snippet with the provided imports and initialization, the following error happens:
# begin error message
Execution error at line 27:
    assert (
AssertionError: 'example_string_prefix""' is missing a starting quote character (' or "").
# end error message

Please, provide self-contained and concrete Python fixed values of the imports and initialization to solve the error and make the code snippet executable.
Respond strictly with JSON. The JSON should be compatible with the TypeScript type `Response` from the following:

```ts
interface Response {
// Python import statements needed in the initialization code. One string per import.
imports: string[];
// Python code to initialize the undefined variables and make the code snippet executable. One string per undefined variable. The statements in the code snippet above are not part of the initialization of undefined variables. Therefore, their copy or modified versions should not be added here. The values should be self-contained and concrete, i.e. without assumptions or expected replacements of any code that is not present in the code snippet. In case there are undefined attributes or methods and the attribute or method base is not initialized, initialize the attribute or method base using type(""Mock"", bases, dict), where bases is a tuple containing the base classes that the Mock object inherits from, e.g. object, and dict is a dictionary containing the initialization of the undefined attributes and methods in the code snippet.
initialization: string[];
}
```","[
    {
        ""imports"": [],
        ""initialization"": [
            ""string = '\""example_string_prefix\""'"",
            ""STRING_PREFIX_CHARS = 'abcdefghijklmnopqrstuvwxyzABCDEFGHIJKLMNOPQRSTUVWXYZ0123456789_'""
        ]
    },
    {
        ""imports"": [],
        ""initialization"": [
            ""string = '\""example_string_prefix\""'"",
            ""STRING_PREFIX_CHARS = 'abcdefghijklmnopqrstuvwxyzABCDEFGHIJKLMNOPQRSTUVWXYZ0123456789_'""
        ]
    },
    {
        ""imports"": [],
        ""initialization"": [
            ""string = '\""<prefix>example_string\""'"",
            ""STRING_PREFIX_CHARS = '<prefix>'""
        ]
    },
    {
        ""imports"": [],
        ""initialization"": [
            ""string = '\""<prefix>example_string\""'"",
            ""STRING_PREFIX_CHARS = '<prefix>'""
        ]
    },
    {
        ""imports"": [],
        ""initialization"": [
            ""string = '\""<prefix>example_string\""'"",
            ""STRING_PREFIX_CHARS = '<prefix>'""
        ]
    },
    {
        ""imports"": [],
        ""initialization"": [
            ""string = '\""<prefix>example_string\""'"",
            ""STRING_PREFIX_CHARS = '<prefix>'""
        ]
    },
    {
        ""imports"": [],
        ""initialization"": [
            ""string = '\""example_string_prefix\""'"",
            ""STRING_PREFIX_CHARS = 'abcdefghijklmnopqrstuvwxyzABCDEFGHIJKLMNOPQRSTUVWXYZ0123456789_'""
        ]
    },
    {
        ""imports"": [],
        ""initialization"": [
            ""string = '\""<prefix>example_string\""'"",
            ""STRING_PREFIX_CHARS = '<prefix>'""
        ]
    },
    {
        ""imports"": [],
        ""initialization"": [
            ""string = '\""example_string_prefix\""'"",
            ""STRING_PREFIX_CHARS = '<prefix>'""
        ]
    },
    {
        ""imports"": [],
        ""initialization"": [
            ""string = '\""example_string_prefix\""'"",
            ""STRING_PREFIX_CHARS = 'abcdefghijklmnopqrstuvwxyzABCDEFGHIJKLMNOPQRSTUVWXYZ0123456789_'""
        ]
    }
]","[
    {
        ""imports"": [
            """"
        ],
        ""initialization"": [
            ""string = '\""example_string_prefix\""' # pragma: no cover"",
            ""STRING_PREFIX_CHARS = 'abcdefghijklmnopqrstuvwxyzABCDEFGHIJKLMNOPQRSTUVWXYZ0123456789_' # pragma: no cover""
        ]
    },
    {
        ""imports"": [
            """"
        ],
        ""initialization"": [
            ""string = '\""example_string_prefix\""' # pragma: no cover"",
            ""STRING_PREFIX_CHARS = 'abcdefghijklmnopqrstuvwxyzABCDEFGHIJKLMNOPQRSTUVWXYZ0123456789_' # pragma: no cover""
        ]
    },
    {
        ""imports"": [
            """"
        ],
        ""initialization"": [
            ""string = '\""<prefix>example_string\""' # pragma: no cover"",
            ""STRING_PREFIX_CHARS = '<prefix>' # pragma: no cover""
        ]
    },
    {
        ""imports"": [
            """"
        ],
        ""initialization"": [
            ""string = '\""<prefix>example_string\""' # pragma: no cover"",
            ""STRING_PREFIX_CHARS = '<prefix>' # pragma: no cover""
        ]
    },
    {
        ""imports"": [
            """"
        ],
        ""initialization"": [
            ""string = '\""<prefix>example_string\""' # pragma: no cover"",
            ""STRING_PREFIX_CHARS = '<prefix>' # pragma: no cover""
        ]
    },
    {
        ""imports"": [
            """"
        ],
        ""initialization"": [
            ""string = '\""<prefix>example_string\""' # pragma: no cover"",
            ""STRING_PREFIX_CHARS = '<prefix>' # pragma: no cover""
        ]
    },
    {
        ""imports"": [
            """"
        ],
        ""initialization"": [
            ""string = '\""example_string_prefix\""' # pragma: no cover"",
            ""STRING_PREFIX_CHARS = 'abcdefghijklmnopqrstuvwxyzABCDEFGHIJKLMNOPQRSTUVWXYZ0123456789_' # pragma: no cover""
        ]
    },
    {
        ""imports"": [
            """"
        ],
        ""initialization"": [
            ""string = '\""<prefix>example_string\""' # pragma: no cover"",
            ""STRING_PREFIX_CHARS = '<prefix>' # pragma: no cover""
        ]
    },
    {
        ""imports"": [
            """"
        ],
        ""initialization"": [
            ""string = '\""example_string_prefix\""' # pragma: no cover"",
            ""STRING_PREFIX_CHARS = '<prefix>' # pragma: no cover""
        ]
    },
    {
        ""imports"": [
            """"
        ],
        ""initialization"": [
            ""string = '\""example_string_prefix\""' # pragma: no cover"",
            ""STRING_PREFIX_CHARS = 'abcdefghijklmnopqrstuvwxyzABCDEFGHIJKLMNOPQRSTUVWXYZ0123456789_' # pragma: no cover""
        ]
    }
]",2,1619,0.0008095,450,0.000675,0.0014845
"When trying to execute the code snippet with the provided imports and initialization, the following error happens:
# begin error message
Execution error at line 27:
    assert (
AssertionError: 'example_prefix""' is missing a starting quote character (' or "").
# end error message

Please, provide self-contained and concrete Python fixed values of the imports and initialization to solve the error and make the code snippet executable.
Respond strictly with JSON. The JSON should be compatible with the TypeScript type `Response` from the following:

```ts
interface Response {
// Python import statements needed in the initialization code. One string per import.
imports: string[];
// Python code to initialize the undefined variables and make the code snippet executable. One string per undefined variable. The statements in the code snippet above are not part of the initialization of undefined variables. Therefore, their copy or modified versions should not be added here. The values should be self-contained and concrete, i.e. without assumptions or expected replacements of any code that is not present in the code snippet. In case there are undefined attributes or methods and the attribute or method base is not initialized, initialize the attribute or method base using type(""Mock"", bases, dict), where bases is a tuple containing the base classes that the Mock object inherits from, e.g. object, and dict is a dictionary containing the initialization of the undefined attributes and methods in the code snippet.
initialization: string[];
}
```","[
    {
        ""imports"": [],
        ""initialization"": [
            ""string = '\""example_prefix\""'"",
            ""STRING_PREFIX_CHARS = 'abcdefghijklmnopqrstuvwxyzABCDEFGHIJKLMNOPQRSTUVWXYZ0123456789_'""
        ]
    },
    {
        ""imports"": [],
        ""initialization"": [
            ""string = '\""example_prefix\""'"",
            ""STRING_PREFIX_CHARS = 'abcdefghijklmnopqrstuvwxyzABCDEFGHIJKLMNOPQRSTUVWXYZ0123456789_'""
        ]
    },
    {
        ""imports"": [],
        ""initialization"": [
            ""string = '\""example_prefix\""'"",
            ""STRING_PREFIX_CHARS = 'abcdefghijklmnopqrstuvwxyzABCDEFGHIJKLMNOPQRSTUVWXYZ0123456789_'""
        ]
    },
    {
        ""imports"": [],
        ""initialization"": [
            ""string = '\""example_prefix\""'"",
            ""STRING_PREFIX_CHARS = 'abcdefghijklmnopqrstuvwxyzABCDEFGHIJKLMNOPQRSTUVWXYZ0123456789_'""
        ]
    },
    {
        ""imports"": [],
        ""initialization"": [
            ""string = '\""example_prefix\""'"",
            ""STRING_PREFIX_CHARS = 'abcdefghijklmnopqrstuvwxyzABCDEFGHIJKLMNOPQRSTUVWXYZ0123456789_'""
        ]
    },
    {
        ""imports"": [],
        ""initialization"": [
            ""string = '\""example_string_prefix\""'"",
            ""STRING_PREFIX_CHARS = 'abcdefghijklmnopqrstuvwxyzABCDEFGHIJKLMNOPQRSTUVWXYZ0123456789_'""
        ]
    },
    {
        ""imports"": [],
        ""initialization"": [
            ""string = '\""example_prefix\""'"",
            ""STRING_PREFIX_CHARS = 'abcdefghijklmnopqrstuvwxyzABCDEFGHIJKLMNOPQRSTUVWXYZ0123456789_'""
        ]
    },
    {
        ""imports"": [],
        ""initialization"": [
            ""string = '\""example_prefix\""'"",
            ""STRING_PREFIX_CHARS = 'abcdefghijklmnopqrstuvwxyzABCDEFGHIJKLMNOPQRSTUVWXYZ0123456789_'""
        ]
    },
    {
        ""imports"": [],
        ""initialization"": [
            ""string = '\""example_prefix\""'"",
            ""STRING_PREFIX_CHARS = 'abcdefghijklmnopqrstuvwxyzABCDEFGHIJKLMNOPQRSTUVWXYZ0123456789_'""
        ]
    },
    {
        ""imports"": [],
        ""initialization"": [
            ""string = '\""example_prefix\""'"",
            ""STRING_PREFIX_CHARS = 'abcdefghijklmnopqrstuvwxyzABCDEFGHIJKLMNOPQRSTUVWXYZ0123456789_'""
        ]
    }
]","[
    {
        ""imports"": [
            """"
        ],
        ""initialization"": [
            ""string = '\""example_prefix\""' # pragma: no cover"",
            ""STRING_PREFIX_CHARS = 'abcdefghijklmnopqrstuvwxyzABCDEFGHIJKLMNOPQRSTUVWXYZ0123456789_' # pragma: no cover""
        ]
    },
    {
        ""imports"": [
            """"
        ],
        ""initialization"": [
            ""string = '\""example_prefix\""' # pragma: no cover"",
            ""STRING_PREFIX_CHARS = 'abcdefghijklmnopqrstuvwxyzABCDEFGHIJKLMNOPQRSTUVWXYZ0123456789_' # pragma: no cover""
        ]
    },
    {
        ""imports"": [
            """"
        ],
        ""initialization"": [
            ""string = '\""example_prefix\""' # pragma: no cover"",
            ""STRING_PREFIX_CHARS = 'abcdefghijklmnopqrstuvwxyzABCDEFGHIJKLMNOPQRSTUVWXYZ0123456789_' # pragma: no cover""
        ]
    },
    {
        ""imports"": [
            """"
        ],
        ""initialization"": [
            ""string = '\""example_prefix\""' # pragma: no cover"",
            ""STRING_PREFIX_CHARS = 'abcdefghijklmnopqrstuvwxyzABCDEFGHIJKLMNOPQRSTUVWXYZ0123456789_' # pragma: no cover""
        ]
    },
    {
        ""imports"": [
            """"
        ],
        ""initialization"": [
            ""string = '\""example_prefix\""' # pragma: no cover"",
            ""STRING_PREFIX_CHARS = 'abcdefghijklmnopqrstuvwxyzABCDEFGHIJKLMNOPQRSTUVWXYZ0123456789_' # pragma: no cover""
        ]
    },
    {
        ""imports"": [
            """"
        ],
        ""initialization"": [
            ""string = '\""example_string_prefix\""' # pragma: no cover"",
            ""STRING_PREFIX_CHARS = 'abcdefghijklmnopqrstuvwxyzABCDEFGHIJKLMNOPQRSTUVWXYZ0123456789_' # pragma: no cover""
        ]
    },
    {
        ""imports"": [
            """"
        ],
        ""initialization"": [
            ""string = '\""example_prefix\""' # pragma: no cover"",
            ""STRING_PREFIX_CHARS = 'abcdefghijklmnopqrstuvwxyzABCDEFGHIJKLMNOPQRSTUVWXYZ0123456789_' # pragma: no cover""
        ]
    },
    {
        ""imports"": [
            """"
        ],
        ""initialization"": [
            ""string = '\""example_prefix\""' # pragma: no cover"",
            ""STRING_PREFIX_CHARS = 'abcdefghijklmnopqrstuvwxyzABCDEFGHIJKLMNOPQRSTUVWXYZ0123456789_' # pragma: no cover""
        ]
    },
    {
        ""imports"": [
            """"
        ],
        ""initialization"": [
            ""string = '\""example_prefix\""' # pragma: no cover"",
            ""STRING_PREFIX_CHARS = 'abcdefghijklmnopqrstuvwxyzABCDEFGHIJKLMNOPQRSTUVWXYZ0123456789_' # pragma: no cover""
        ]
    },
    {
        ""imports"": [
            """"
        ],
        ""initialization"": [
            ""string = '\""example_prefix\""' # pragma: no cover"",
            ""STRING_PREFIX_CHARS = 'abcdefghijklmnopqrstuvwxyzABCDEFGHIJKLMNOPQRSTUVWXYZ0123456789_' # pragma: no cover""
        ]
    }
]",2,1957,0.0009785,461,0.0006915,0.00167
"When trying to execute the code snippet with the provided imports and initialization, the following error happens:
# begin error message
Execution error at line 27:
    assert (
AssertionError: 'example_prefix""' is missing a starting quote character (' or "").
# end error message

Please, provide self-contained and concrete Python fixed values of the imports and initialization to solve the error and make the code snippet executable.
Respond strictly with JSON. The JSON should be compatible with the TypeScript type `Response` from the following:

```ts
interface Response {
// Python import statements needed in the initialization code. One string per import.
imports: string[];
// Python code to initialize the undefined variables and make the code snippet executable. One string per undefined variable. The statements in the code snippet above are not part of the initialization of undefined variables. Therefore, their copy or modified versions should not be added here. The values should be self-contained and concrete, i.e. without assumptions or expected replacements of any code that is not present in the code snippet. In case there are undefined attributes or methods and the attribute or method base is not initialized, initialize the attribute or method base using type(""Mock"", bases, dict), where bases is a tuple containing the base classes that the Mock object inherits from, e.g. object, and dict is a dictionary containing the initialization of the undefined attributes and methods in the code snippet.
initialization: string[];
}
```","[
    {
        ""imports"": [],
        ""initialization"": [
            ""string = '\""example_prefix\""'"",
            ""STRING_PREFIX_CHARS = 'abcdefghijklmnopqrstuvwxyzABCDEFGHIJKLMNOPQRSTUVWXYZ_'""
        ]
    },
    {
        ""imports"": [],
        ""initialization"": [
            ""string = '\""example_prefix\""'"",
            ""STRING_PREFIX_CHARS = 'abcdefghijklmnopqrstuvwxyzABCDEFGHIJKLMNOPQRSTUVWXYZ_'""
        ]
    },
    {
        ""imports"": [],
        ""initialization"": [
            ""string = '\""example_prefix\""'"",
            ""STRING_PREFIX_CHARS = 'abcdefghijklmnopqrstuvwxyzABCDEFGHIJKLMNOPQRSTUVWXYZ_'""
        ]
    },
    {
        ""imports"": [],
        ""initialization"": [
            ""string = '\""example_prefix\""'"",
            ""STRING_PREFIX_CHARS = 'abcdefghijklmnopqrstuvwxyzABCDEFGHIJKLMNOPQRSTUVWXYZ_'""
        ]
    },
    {
        ""imports"": [],
        ""initialization"": [
            ""string = '\""example_prefix\""'"",
            ""STRING_PREFIX_CHARS = 'abcdefghijklmnopqrstuvwxyzABCDEFGHIJKLMNOPQRSTUVWXYZ_'""
        ]
    },
    {
        ""imports"": [],
        ""initialization"": [
            ""string = '\""example_prefix\""'"",
            ""STRING_PREFIX_CHARS = 'abcdefghijklmnopqrstuvwxyzABCDEFGHIJKLMNOPQRSTUVWXYZ_'""
        ]
    },
    {
        ""imports"": [],
        ""initialization"": [
            ""string = 'example_prefix\\\""'"",
            ""STRING_PREFIX_CHARS = 'abcdefghijklmnopqrstuvwxyzABCDEFGHIJKLMNOPQRSTUVWXYZ_'""
        ]
    },
    {
        ""imports"": [],
        ""initialization"": [
            ""string = '\""example_prefix\""'"",
            ""STRING_PREFIX_CHARS = 'abcdefghijklmnopqrstuvwxyzABCDEFGHIJKLMNOPQRSTUVWXYZ_'""
        ]
    },
    {
        ""imports"": [],
        ""initialization"": [
            ""string = '\""example_prefix\""'"",
            ""STRING_PREFIX_CHARS = 'abcdefghijklmnopqrstuvwxyzABCDEFGHIJKLMNOPQRSTUVWXYZ_'""
        ]
    },
    {
        ""imports"": [],
        ""initialization"": [
            ""string = '\""example_prefix\""'"",
            ""STRING_PREFIX_CHARS = 'abcdefghijklmnopqrstuvwxyzABCDEFGHIJKLMNOPQRSTUVWXYZ_'""
        ]
    }
]","[
    {
        ""imports"": [
            """"
        ],
        ""initialization"": [
            ""string = '\""example_prefix\""' # pragma: no cover"",
            ""STRING_PREFIX_CHARS = 'abcdefghijklmnopqrstuvwxyzABCDEFGHIJKLMNOPQRSTUVWXYZ_' # pragma: no cover""
        ]
    },
    {
        ""imports"": [
            """"
        ],
        ""initialization"": [
            ""string = '\""example_prefix\""' # pragma: no cover"",
            ""STRING_PREFIX_CHARS = 'abcdefghijklmnopqrstuvwxyzABCDEFGHIJKLMNOPQRSTUVWXYZ_' # pragma: no cover""
        ]
    },
    {
        ""imports"": [
            """"
        ],
        ""initialization"": [
            ""string = '\""example_prefix\""' # pragma: no cover"",
            ""STRING_PREFIX_CHARS = 'abcdefghijklmnopqrstuvwxyzABCDEFGHIJKLMNOPQRSTUVWXYZ_' # pragma: no cover""
        ]
    },
    {
        ""imports"": [
            """"
        ],
        ""initialization"": [
            ""string = '\""example_prefix\""' # pragma: no cover"",
            ""STRING_PREFIX_CHARS = 'abcdefghijklmnopqrstuvwxyzABCDEFGHIJKLMNOPQRSTUVWXYZ_' # pragma: no cover""
        ]
    },
    {
        ""imports"": [
            """"
        ],
        ""initialization"": [
            ""string = '\""example_prefix\""' # pragma: no cover"",
            ""STRING_PREFIX_CHARS = 'abcdefghijklmnopqrstuvwxyzABCDEFGHIJKLMNOPQRSTUVWXYZ_' # pragma: no cover""
        ]
    },
    {
        ""imports"": [
            """"
        ],
        ""initialization"": [
            ""string = '\""example_prefix\""' # pragma: no cover"",
            ""STRING_PREFIX_CHARS = 'abcdefghijklmnopqrstuvwxyzABCDEFGHIJKLMNOPQRSTUVWXYZ_' # pragma: no cover""
        ]
    },
    {
        ""imports"": [
            """"
        ],
        ""initialization"": [
            ""string = 'example_prefix\\\""' # pragma: no cover"",
            ""STRING_PREFIX_CHARS = 'abcdefghijklmnopqrstuvwxyzABCDEFGHIJKLMNOPQRSTUVWXYZ_' # pragma: no cover""
        ]
    },
    {
        ""imports"": [
            """"
        ],
        ""initialization"": [
            ""string = '\""example_prefix\""' # pragma: no cover"",
            ""STRING_PREFIX_CHARS = 'abcdefghijklmnopqrstuvwxyzABCDEFGHIJKLMNOPQRSTUVWXYZ_' # pragma: no cover""
        ]
    },
    {
        ""imports"": [
            """"
        ],
        ""initialization"": [
            ""string = '\""example_prefix\""' # pragma: no cover"",
            ""STRING_PREFIX_CHARS = 'abcdefghijklmnopqrstuvwxyzABCDEFGHIJKLMNOPQRSTUVWXYZ_' # pragma: no cover""
        ]
    },
    {
        ""imports"": [
            """"
        ],
        ""initialization"": [
            ""string = '\""example_prefix\""' # pragma: no cover"",
            ""STRING_PREFIX_CHARS = 'abcdefghijklmnopqrstuvwxyzABCDEFGHIJKLMNOPQRSTUVWXYZ_' # pragma: no cover""
        ]
    }
]",2,2292,0.001146,420,0.00063,0.001776
"When trying to execute the code snippet with the provided imports and initialization, the following error happens:
# begin error message
Execution error at line 27:
    assert (
AssertionError: ""<prefix>example string'"" is missing a starting quote character (' or "").
# end error message

Please, provide self-contained and concrete Python fixed values of the imports and initialization to solve the error and make the code snippet executable.
Respond strictly with JSON. The JSON should be compatible with the TypeScript type `Response` from the following:

```ts
interface Response {
// Python import statements needed in the initialization code. One string per import.
imports: string[];
// Python code to initialize the undefined variables and make the code snippet executable. One string per undefined variable. The statements in the code snippet above are not part of the initialization of undefined variables. Therefore, their copy or modified versions should not be added here. The values should be self-contained and concrete, i.e. without assumptions or expected replacements of any code that is not present in the code snippet. In case there are undefined attributes or methods and the attribute or method base is not initialized, initialize the attribute or method base using type(""Mock"", bases, dict), where bases is a tuple containing the base classes that the Mock object inherits from, e.g. object, and dict is a dictionary containing the initialization of the undefined attributes and methods in the code snippet.
initialization: string[];
}
```","[
    {
        ""imports"": [],
        ""initialization"": [
            ""string = '\""example_prefix\""'"",
            ""STRING_PREFIX_CHARS = 'abcdefghijklmnopqrstuvwxyzABCDEFGHIJKLMNOPQRSTUVWXYZ_'""
        ]
    },
    {
        ""imports"": [],
        ""initialization"": [
            ""string = '\""<prefix>example_string\""'"",
            ""STRING_PREFIX_CHARS = '<prefix>'""
        ]
    },
    {
        ""imports"": [],
        ""initialization"": [
            ""string = '\""<prefix>example_string\""'"",
            ""STRING_PREFIX_CHARS = '<prefix>'""
        ]
    },
    {
        ""imports"": [],
        ""initialization"": [
            ""string = 'example_prefix\""'"",
            ""STRING_PREFIX_CHARS = 'abcdefghijklmnopqrstuvwxyzABCDEFGHIJKLMNOPQRSTUVWXYZ0123456789_'""
        ]
    },
    {
        ""imports"": [],
        ""initialization"": [
            ""string = 'example_prefix\""'"",
            ""STRING_PREFIX_CHARS = 'abcdefghijklmnopqrstuvwxyzABCDEFGHIJKLMNOPQRSTUVWXYZ_'""
        ]
    },
    {
        ""imports"": [],
        ""initialization"": [
            ""string = '\""example_prefix\""'"",
            ""STRING_PREFIX_CHARS = 'ABCDEFGHIJKLMNOPQRSTUVWXYZabcdefghijklmnopqrstuvwxyz_'""
        ]
    },
    {
        ""imports"": [],
        ""initialization"": [
            ""string = '\""<prefix>example_string\""'"",
            ""STRING_PREFIX_CHARS = '\""<prefix>\""'""
        ]
    },
    {
        ""imports"": [],
        ""initialization"": [
            ""string = '\""<prefix>example_string\""'"",
            ""STRING_PREFIX_CHARS = '<prefix>'""
        ]
    },
    {
        ""imports"": [],
        ""initialization"": [
            ""string = '\""<prefix>example_string\""'"",
            ""STRING_PREFIX_CHARS = 'abcdefghijklmnopqrstuvwxyzABCDEFGHIJKLMNOPQRSTUVWXYZ0123456789_'""
        ]
    },
    {
        ""imports"": [],
        ""initialization"": [
            ""string = '\""<prefix>example_string\""'"",
            ""STRING_PREFIX_CHARS = '<prefix>'""
        ]
    }
]","[
    {
        ""imports"": [
            """"
        ],
        ""initialization"": [
            ""string = '\""example_prefix\""' # pragma: no cover"",
            ""STRING_PREFIX_CHARS = 'abcdefghijklmnopqrstuvwxyzABCDEFGHIJKLMNOPQRSTUVWXYZ_' # pragma: no cover""
        ]
    },
    {
        ""imports"": [
            """"
        ],
        ""initialization"": [
            ""string = '\""<prefix>example_string\""' # pragma: no cover"",
            ""STRING_PREFIX_CHARS = '<prefix>' # pragma: no cover""
        ]
    },
    {
        ""imports"": [
            """"
        ],
        ""initialization"": [
            ""string = '\""<prefix>example_string\""' # pragma: no cover"",
            ""STRING_PREFIX_CHARS = '<prefix>' # pragma: no cover""
        ]
    },
    {
        ""imports"": [
            """"
        ],
        ""initialization"": [
            ""string = 'example_prefix\""' # pragma: no cover"",
            ""STRING_PREFIX_CHARS = 'abcdefghijklmnopqrstuvwxyzABCDEFGHIJKLMNOPQRSTUVWXYZ0123456789_' # pragma: no cover""
        ]
    },
    {
        ""imports"": [
            """"
        ],
        ""initialization"": [
            ""string = 'example_prefix\""' # pragma: no cover"",
            ""STRING_PREFIX_CHARS = 'abcdefghijklmnopqrstuvwxyzABCDEFGHIJKLMNOPQRSTUVWXYZ_' # pragma: no cover""
        ]
    },
    {
        ""imports"": [
            """"
        ],
        ""initialization"": [
            ""string = '\""example_prefix\""' # pragma: no cover"",
            ""STRING_PREFIX_CHARS = 'ABCDEFGHIJKLMNOPQRSTUVWXYZabcdefghijklmnopqrstuvwxyz_' # pragma: no cover""
        ]
    },
    {
        ""imports"": [
            """"
        ],
        ""initialization"": [
            ""string = '\""<prefix>example_string\""' # pragma: no cover"",
            ""STRING_PREFIX_CHARS = '\""<prefix>\""' # pragma: no cover""
        ]
    },
    {
        ""imports"": [
            """"
        ],
        ""initialization"": [
            ""string = '\""<prefix>example_string\""' # pragma: no cover"",
            ""STRING_PREFIX_CHARS = '<prefix>' # pragma: no cover""
        ]
    },
    {
        ""imports"": [
            """"
        ],
        ""initialization"": [
            ""string = '\""<prefix>example_string\""' # pragma: no cover"",
            ""STRING_PREFIX_CHARS = 'abcdefghijklmnopqrstuvwxyzABCDEFGHIJKLMNOPQRSTUVWXYZ0123456789_' # pragma: no cover""
        ]
    },
    {
        ""imports"": [
            """"
        ],
        ""initialization"": [
            ""string = '\""<prefix>example_string\""' # pragma: no cover"",
            ""STRING_PREFIX_CHARS = '<prefix>' # pragma: no cover""
        ]
    }
]",2,2637,0.0013185,443,0.0006645,0.001983
"When trying to execute the code snippet with the provided imports and initialization, the following error happens:
# begin error message
Execution error at line 27:
    assert (
AssertionError: 'test string with a prefix' is missing a starting quote character (' or "").
# end error message

Please, provide self-contained and concrete Python fixed values of the imports and initialization to solve the error and make the code snippet executable.
Respond strictly with JSON. The JSON should be compatible with the TypeScript type `Response` from the following:

```ts
interface Response {
// Python import statements needed in the initialization code. One string per import.
imports: string[];
// Python code to initialize the undefined variables and make the code snippet executable. One string per undefined variable. The statements in the code snippet above are not part of the initialization of undefined variables. Therefore, their copy or modified versions should not be added here. The values should be self-contained and concrete, i.e. without assumptions or expected replacements of any code that is not present in the code snippet. In case there are undefined attributes or methods and the attribute or method base is not initialized, initialize the attribute or method base using type(""Mock"", bases, dict), where bases is a tuple containing the base classes that the Mock object inherits from, e.g. object, and dict is a dictionary containing the initialization of the undefined attributes and methods in the code snippet.
initialization: string[];
}
```","[
    {
        ""imports"": [],
        ""initialization"": [
            ""string = '<prefix>example_string\""'"",
            ""STRING_PREFIX_CHARS = 'abcdefghijklmnopqrstuvwxyzABCDEFGHIJKLMNOPQRSTUVWXYZ_'""
        ]
    },
    {
        ""imports"": [],
        ""initialization"": [
            ""string = 'example_prefix\""value\""'"",
            ""STRING_PREFIX_CHARS = 'abcdefghijklmnopqrstuvwxyzABCDEFGHIJKLMNOPQRSTUVWXYZ_'""
        ]
    },
    {
        ""imports"": [],
        ""initialization"": [
            ""string = '\""<prefix>example_string\""'"",
            ""STRING_PREFIX_CHARS = 'abcdefghijklmnopqrstuvwxyzABCDEFGHIJKLMNOPQRSTUVWXYZ0123456789_'""
        ]
    },
    {
        ""imports"": [],
        ""initialization"": [
            ""string = '\""<prefix>example_string\""'"",
            ""STRING_PREFIX_CHARS = 'abcdefghijklmnopqrstuvwxyzABCDEFGHIJKLMNOPQRSTUVWXYZ0123456789_'""
        ]
    },
    {
        ""imports"": [],
        ""initialization"": [
            ""string = '\""<prefix>example_string\""'"",
            ""STRING_PREFIX_CHARS = '<prefix>'""
        ]
    },
    {
        ""imports"": [],
        ""initialization"": [
            ""string = '\""<prefix>example_string\""'"",
            ""STRING_PREFIX_CHARS = '<prefix>'""
        ]
    },
    {
        ""imports"": [],
        ""initialization"": [
            ""string = '\""<prefix>example_string\""'"",
            ""STRING_PREFIX_CHARS = 'abcdefghijklmnopqrstuvwxyzABCDEFGHIJKLMNOPQRSTUVWXYZ_'""
        ]
    },
    {
        ""imports"": [],
        ""initialization"": [
            ""string = '<prefix>sample_string\""'"",
            ""STRING_PREFIX_CHARS = '<prefix>'""
        ]
    },
    {
        ""imports"": [],
        ""initialization"": [
            ""string = '\""<prefix>example_string\""'"",
            ""STRING_PREFIX_CHARS = 'abcdefghijklmnopqrstuvwxyzABCDEFGHIJKLMNOPQRSTUVWXYZ_'""
        ]
    },
    {
        ""imports"": [],
        ""initialization"": [
            ""string = '\""<prefix>test_string\""'"",
            1,
            ""STRING_PREFIX_CHARS = 'abcdefghijklmnopqrstuvwxyzABCDEFGHIJKLMNOPQRSTUVWXYZ0123456789_'""
        ]
    }
]","[
    {
        ""imports"": [
            """"
        ],
        ""initialization"": [
            ""string = '<prefix>example_string\""' # pragma: no cover"",
            ""STRING_PREFIX_CHARS = 'abcdefghijklmnopqrstuvwxyzABCDEFGHIJKLMNOPQRSTUVWXYZ_' # pragma: no cover""
        ]
    },
    {
        ""imports"": [
            """"
        ],
        ""initialization"": [
            ""string = 'example_prefix\""value\""' # pragma: no cover"",
            ""STRING_PREFIX_CHARS = 'abcdefghijklmnopqrstuvwxyzABCDEFGHIJKLMNOPQRSTUVWXYZ_' # pragma: no cover""
        ]
    },
    {
        ""imports"": [
            """"
        ],
        ""initialization"": [
            ""string = '\""<prefix>example_string\""' # pragma: no cover"",
            ""STRING_PREFIX_CHARS = 'abcdefghijklmnopqrstuvwxyzABCDEFGHIJKLMNOPQRSTUVWXYZ0123456789_' # pragma: no cover""
        ]
    },
    {
        ""imports"": [
            """"
        ],
        ""initialization"": [
            ""string = '\""<prefix>example_string\""' # pragma: no cover"",
            ""STRING_PREFIX_CHARS = 'abcdefghijklmnopqrstuvwxyzABCDEFGHIJKLMNOPQRSTUVWXYZ0123456789_' # pragma: no cover""
        ]
    },
    {
        ""imports"": [
            """"
        ],
        ""initialization"": [
            ""string = '\""<prefix>example_string\""' # pragma: no cover"",
            ""STRING_PREFIX_CHARS = '<prefix>' # pragma: no cover""
        ]
    },
    {
        ""imports"": [
            """"
        ],
        ""initialization"": [
            ""string = '\""<prefix>example_string\""' # pragma: no cover"",
            ""STRING_PREFIX_CHARS = '<prefix>' # pragma: no cover""
        ]
    },
    {
        ""imports"": [
            """"
        ],
        ""initialization"": [
            ""string = '\""<prefix>example_string\""' # pragma: no cover"",
            ""STRING_PREFIX_CHARS = 'abcdefghijklmnopqrstuvwxyzABCDEFGHIJKLMNOPQRSTUVWXYZ_' # pragma: no cover""
        ]
    },
    {
        ""imports"": [
            """"
        ],
        ""initialization"": [
            ""string = '<prefix>sample_string\""' # pragma: no cover"",
            ""STRING_PREFIX_CHARS = '<prefix>' # pragma: no cover""
        ]
    },
    {
        ""imports"": [
            """"
        ],
        ""initialization"": [
            ""string = '\""<prefix>example_string\""' # pragma: no cover"",
            ""STRING_PREFIX_CHARS = 'abcdefghijklmnopqrstuvwxyzABCDEFGHIJKLMNOPQRSTUVWXYZ_' # pragma: no cover""
        ]
    },
    {
        ""imports"": [
            """"
        ],
        ""initialization"": [
            """"
        ]
    }
]",2,2974,0.001487,456,0.000684,0.002171
"When trying to execute the code snippet with the provided imports and initialization, the lines with # uncovered are not executed.

# begin code snippet
""""""
    Checks the pre-condition that @string has the format that you would expect
    of `leaf.value` where `leaf` is some Leaf such that `leaf.type ==
    token.STRING`. A more precise description of the pre-conditions that are
    checked are listed below.
    Pre-conditions:
        * @string starts with either ', "", <prefix>', or <prefix>"" where
        `set(<prefix>)` is some subset of `set(STRING_PREFIX_CHARS)`.
        * @string ends with a quote character (' or "").
    Raises:
        AssertionError(...) if the pre-conditions listed above are not
        satisfied.
    """"""
dquote_idx = string.find('""')
squote_idx = string.find(""'"")
if -1 in [dquote_idx, squote_idx]:
    quote_idx = max(dquote_idx, squote_idx)
else: # uncovered
    quote_idx = min(squote_idx, dquote_idx) # uncovered
assert ( # uncovered
    0 <= quote_idx < len(string) - 1 # uncovered
), f""{string!r} is missing a starting quote character (' or \"").""
assert string[-1] in ( # uncovered
    ""'"", # uncovered
    '""', # uncovered
), f""{string!r} is missing an ending quote character (' or \"").""
assert set(string[:quote_idx]).issubset( # uncovered
    set(STRING_PREFIX_CHARS) # uncovered
), f""{set(string[:quote_idx])} is NOT a subset of {set(STRING_PREFIX_CHARS)}.""

# end code snippet

Please, provide self-contained and concrete Python modified values of the imports and initialization to execute one of the uncovered paths in the code snippet.
Respond strictly with JSON. The JSON should be compatible with the TypeScript type `Response` from the following:

```ts
interface Response {
// Python import statements needed in the initialization code. One string per import.
imports: string[];
// Python code to initialize the undefined variables and make the code snippet executable. One string per undefined variable. The statements in the code snippet above are not part of the initialization of undefined variables. Therefore, their copy or modified versions should not be added here. The values should be self-contained and concrete, i.e. without assumptions or expected replacements of any code that is not present in the code snippet. In case there are undefined attributes or methods and the attribute or method base is not initialized, initialize the attribute or method base using type(""Mock"", bases, dict), where bases is a tuple containing the base classes that the Mock object inherits from, e.g. object, and dict is a dictionary containing the initialization of the undefined attributes and methods in the code snippet.
initialization: string[];
}
```","[
    {
        ""imports"": [],
        ""initialization"": [
            ""string = \""hello\"""",
            ""STRING_PREFIX_CHARS = \""abcdefgh\""""
        ]
    },
    {
        ""imports"": [
            ""from typing import Set""
        ],
        ""initialization"": [
            ""string = 'test prefix\""'"",
            ""STRING_PREFIX_CHARS: Set[str] = set('abcdefghijklmnopqrstuvwxyzABCDEFGHIJKLMNOPQRSTUVWXYZ')""
        ]
    },
    {
        ""imports"": [
            ""from typing import Set""
        ],
        ""initialization"": [
            ""string = 'prefix\""value\""'"",
            ""STRING_PREFIX_CHARS = set('prefix')""
        ]
    },
    {
        ""imports"": [],
        ""initialization"": [
            ""STRING_PREFIX_CHARS = 'abcdefghijklmnopqrstuvwxyzABCDEFGHIJKLMNOPQRSTUVWXYZ_'"",
            ""string = '\""Hello World\""'""
        ]
    },
    {
        ""imports"": [],
        ""initialization"": [
            ""string = \""'test_string'\"""",
            ""STRING_PREFIX_CHARS = \""test_prefix\""""
        ]
    },
    {
        ""imports"": [
            ""from typing import Set""
        ],
        ""initialization"": [
            ""STRING_PREFIX_CHARS = 'abcde'"",
            ""string = 'abc\""'""
        ]
    },
    {
        ""imports"": [],
        ""initialization"": [
            ""string = 'example string prefix\""'"",
            ""STRING_PREFIX_CHARS = 'example string prefix'""
        ]
    },
    {
        ""imports"": [],
        ""initialization"": [
            ""string = 'abc\""'"",
            ""STRING_PREFIX_CHARS = 'abcdefghijklmnopqrstuvwxyzABCDEFGHIJKLMNOPQRSTUVWXYZ'""
        ]
    },
    {
        ""imports"": [
            ""import string""
        ],
        ""initialization"": [
            ""STRING_PREFIX_CHARS = 'abcdefghijklmnopqrstuvwxyzABCDEFGHIJKLMNOPQRSTUVWXYZ0123456789_'"",
            ""string = \""prefix'string\""""
        ]
    },
    {
        ""imports"": [
            ""from typing import Set""
        ],
        ""initialization"": [
            ""STRING_PREFIX_CHARS = 'abcde'"",
            ""string = 'abc\""'""
        ]
    }
]","[
    {
        ""imports"": [
            """"
        ],
        ""initialization"": [
            ""string = \""hello\"" # pragma: no cover"",
            ""STRING_PREFIX_CHARS = \""abcdefgh\"" # pragma: no cover""
        ]
    },
    {
        ""imports"": [
            ""from typing import Set # pragma: no cover""
        ],
        ""initialization"": [
            ""string = 'test prefix\""' # pragma: no cover"",
            ""STRING_PREFIX_CHARS: Set[str] = set('abcdefghijklmnopqrstuvwxyzABCDEFGHIJKLMNOPQRSTUVWXYZ') # pragma: no cover""
        ]
    },
    {
        ""imports"": [
            ""from typing import Set # pragma: no cover""
        ],
        ""initialization"": [
            ""string = 'prefix\""value\""' # pragma: no cover"",
            ""STRING_PREFIX_CHARS = set('prefix') # pragma: no cover""
        ]
    },
    {
        ""imports"": [
            """"
        ],
        ""initialization"": [
            ""STRING_PREFIX_CHARS = 'abcdefghijklmnopqrstuvwxyzABCDEFGHIJKLMNOPQRSTUVWXYZ_' # pragma: no cover"",
            ""string = '\""Hello World\""' # pragma: no cover""
        ]
    },
    {
        ""imports"": [
            """"
        ],
        ""initialization"": [
            ""string = \""'test_string'\"" # pragma: no cover"",
            ""STRING_PREFIX_CHARS = \""test_prefix\"" # pragma: no cover""
        ]
    },
    {
        ""imports"": [
            ""from typing import Set # pragma: no cover""
        ],
        ""initialization"": [
            ""STRING_PREFIX_CHARS = 'abcde' # pragma: no cover"",
            ""string = 'abc\""' # pragma: no cover""
        ]
    },
    {
        ""imports"": [
            """"
        ],
        ""initialization"": [
            ""string = 'example string prefix\""' # pragma: no cover"",
            ""STRING_PREFIX_CHARS = 'example string prefix' # pragma: no cover""
        ]
    },
    {
        ""imports"": [
            """"
        ],
        ""initialization"": [
            ""string = 'abc\""' # pragma: no cover"",
            ""STRING_PREFIX_CHARS = 'abcdefghijklmnopqrstuvwxyzABCDEFGHIJKLMNOPQRSTUVWXYZ' # pragma: no cover""
        ]
    },
    {
        ""imports"": [
            ""import string # pragma: no cover""
        ],
        ""initialization"": [
            ""STRING_PREFIX_CHARS = 'abcdefghijklmnopqrstuvwxyzABCDEFGHIJKLMNOPQRSTUVWXYZ0123456789_' # pragma: no cover"",
            ""string = \""prefix'string\"" # pragma: no cover""
        ]
    },
    {
        ""imports"": [
            ""from typing import Set # pragma: no cover""
        ],
        ""initialization"": [
            ""STRING_PREFIX_CHARS = 'abcde' # pragma: no cover"",
            ""string = 'abc\""' # pragma: no cover""
        ]
    }
]",3,620,0.00031,460,0.00069,0.001
"When trying to execute the code snippet with the provided imports and initialization, the lines with # uncovered are not executed.

# begin code snippet
""""""
    Checks the pre-condition that @string has the format that you would expect
    of `leaf.value` where `leaf` is some Leaf such that `leaf.type ==
    token.STRING`. A more precise description of the pre-conditions that are
    checked are listed below.
    Pre-conditions:
        * @string starts with either ', "", <prefix>', or <prefix>"" where
        `set(<prefix>)` is some subset of `set(STRING_PREFIX_CHARS)`.
        * @string ends with a quote character (' or "").
    Raises:
        AssertionError(...) if the pre-conditions listed above are not
        satisfied.
    """"""
dquote_idx = string.find('""')
squote_idx = string.find(""'"")
if -1 in [dquote_idx, squote_idx]:
    quote_idx = max(dquote_idx, squote_idx)
else: # uncovered
    quote_idx = min(squote_idx, dquote_idx) # uncovered
assert ( # uncovered
    0 <= quote_idx < len(string) - 1 # uncovered
), f""{string!r} is missing a starting quote character (' or \"").""
assert string[-1] in ( # uncovered
    ""'"", # uncovered
    '""', # uncovered
), f""{string!r} is missing an ending quote character (' or \"").""
assert set(string[:quote_idx]).issubset( # uncovered
    set(STRING_PREFIX_CHARS) # uncovered
), f""{set(string[:quote_idx])} is NOT a subset of {set(STRING_PREFIX_CHARS)}.""

# end code snippet

Please, provide self-contained and concrete Python modified values of the imports and initialization to execute one of the uncovered paths in the code snippet.
Respond strictly with JSON. The JSON should be compatible with the TypeScript type `Response` from the following:

```ts
interface Response {
// Python import statements needed in the initialization code. One string per import.
imports: string[];
// Python code to initialize the undefined variables and make the code snippet executable. One string per undefined variable. The statements in the code snippet above are not part of the initialization of undefined variables. Therefore, their copy or modified versions should not be added here. The values should be self-contained and concrete, i.e. without assumptions or expected replacements of any code that is not present in the code snippet. In case there are undefined attributes or methods and the attribute or method base is not initialized, initialize the attribute or method base using type(""Mock"", bases, dict), where bases is a tuple containing the base classes that the Mock object inherits from, e.g. object, and dict is a dictionary containing the initialization of the undefined attributes and methods in the code snippet.
initialization: string[];
}
```","[
    {
        ""imports"": [],
        ""initialization"": [
            ""string = 'prefix\""'"",
            ""STRING_PREFIX_CHARS = 'prefix'""
        ]
    },
    {
        ""imports"": [],
        ""initialization"": [
            ""string = 'hello'"",
            ""STRING_PREFIX_CHARS = 'abcdefgh'""
        ]
    },
    {
        ""imports"": [],
        ""initialization"": [
            ""string = '\""prefix\""'"",
            ""STRING_PREFIX_CHARS = 'prefix'""
        ]
    },
    {
        ""imports"": [],
        ""initialization"": [
            ""string = 'test prefix\""'"",
            ""STRING_PREFIX_CHARS = 'test prefix'""
        ]
    },
    {
        ""imports"": [],
        ""initialization"": [
            ""string = '\""prefix\""'"",
            ""STRING_PREFIX_CHARS = 'prefix'""
        ]
    },
    {
        ""imports"": [],
        ""initialization"": [
            ""string = '\""prefixExample\""'"",
            ""STRING_PREFIX_CHARS = 'prefix'""
        ]
    },
    {
        ""imports"": [],
        ""initialization"": [
            ""string = 'prefix\""value\""'"",
            ""STRING_PREFIX_CHARS = 'prefix'""
        ]
    },
    {
        ""imports"": [],
        ""initialization"": [
            ""string = 'prefix\""example'  # starts with prefix and ends with a non-quote character"",
            ""STRING_PREFIX_CHARS = 'prefix'""
        ]
    },
    {
        ""imports"": [],
        ""initialization"": [
            ""string = '\""example\""'"",
            ""STRING_PREFIX_CHARS = 'abcdef'""
        ]
    },
    {
        ""imports"": [],
        ""initialization"": [
            ""string = 'example_string\""'"",
            ""STRING_PREFIX_CHARS = 'example_string'""
        ]
    }
]","[
    {
        ""imports"": [
            """"
        ],
        ""initialization"": [
            ""string = 'prefix\""' # pragma: no cover"",
            ""STRING_PREFIX_CHARS = 'prefix' # pragma: no cover""
        ]
    },
    {
        ""imports"": [
            """"
        ],
        ""initialization"": [
            ""string = 'hello' # pragma: no cover"",
            ""STRING_PREFIX_CHARS = 'abcdefgh' # pragma: no cover""
        ]
    },
    {
        ""imports"": [
            """"
        ],
        ""initialization"": [
            ""string = '\""prefix\""' # pragma: no cover"",
            ""STRING_PREFIX_CHARS = 'prefix' # pragma: no cover""
        ]
    },
    {
        ""imports"": [
            """"
        ],
        ""initialization"": [
            ""string = 'test prefix\""' # pragma: no cover"",
            ""STRING_PREFIX_CHARS = 'test prefix' # pragma: no cover""
        ]
    },
    {
        ""imports"": [
            """"
        ],
        ""initialization"": [
            ""string = '\""prefix\""' # pragma: no cover"",
            ""STRING_PREFIX_CHARS = 'prefix' # pragma: no cover""
        ]
    },
    {
        ""imports"": [
            """"
        ],
        ""initialization"": [
            ""string = '\""prefixExample\""' # pragma: no cover"",
            ""STRING_PREFIX_CHARS = 'prefix' # pragma: no cover""
        ]
    },
    {
        ""imports"": [
            """"
        ],
        ""initialization"": [
            ""string = 'prefix\""value\""' # pragma: no cover"",
            ""STRING_PREFIX_CHARS = 'prefix' # pragma: no cover""
        ]
    },
    {
        ""imports"": [
            """"
        ],
        ""initialization"": [
            ""string = 'prefix\""example'  # starts with prefix and ends with a non-quote character # pragma: no cover"",
            ""STRING_PREFIX_CHARS = 'prefix' # pragma: no cover""
        ]
    },
    {
        ""imports"": [
            """"
        ],
        ""initialization"": [
            ""string = '\""example\""' # pragma: no cover"",
            ""STRING_PREFIX_CHARS = 'abcdef' # pragma: no cover""
        ]
    },
    {
        ""imports"": [
            """"
        ],
        ""initialization"": [
            ""string = 'example_string\""' # pragma: no cover"",
            ""STRING_PREFIX_CHARS = 'example_string' # pragma: no cover""
        ]
    }
]",3,1677,0.0008385,405,0.0006075,0.001446
"When trying to execute the code snippet with the provided imports and initialization, the lines with # uncovered are not executed.

# begin code snippet
""""""
    Checks the pre-condition that @string has the format that you would expect
    of `leaf.value` where `leaf` is some Leaf such that `leaf.type ==
    token.STRING`. A more precise description of the pre-conditions that are
    checked are listed below.
    Pre-conditions:
        * @string starts with either ', "", <prefix>', or <prefix>"" where
        `set(<prefix>)` is some subset of `set(STRING_PREFIX_CHARS)`.
        * @string ends with a quote character (' or "").
    Raises:
        AssertionError(...) if the pre-conditions listed above are not
        satisfied.
    """"""
dquote_idx = string.find('""')
squote_idx = string.find(""'"")
if -1 in [dquote_idx, squote_idx]:
    quote_idx = max(dquote_idx, squote_idx)
else: # uncovered
    quote_idx = min(squote_idx, dquote_idx) # uncovered
assert ( # uncovered
    0 <= quote_idx < len(string) - 1 # uncovered
), f""{string!r} is missing a starting quote character (' or \"").""
assert string[-1] in ( # uncovered
    ""'"", # uncovered
    '""', # uncovered
), f""{string!r} is missing an ending quote character (' or \"").""
assert set(string[:quote_idx]).issubset( # uncovered
    set(STRING_PREFIX_CHARS) # uncovered
), f""{set(string[:quote_idx])} is NOT a subset of {set(STRING_PREFIX_CHARS)}.""

# end code snippet

Please, provide self-contained and concrete Python modified values of the imports and initialization to execute one of the uncovered paths in the code snippet.
Respond strictly with JSON. The JSON should be compatible with the TypeScript type `Response` from the following:

```ts
interface Response {
// Python import statements needed in the initialization code. One string per import.
imports: string[];
// Python code to initialize the undefined variables and make the code snippet executable. One string per undefined variable. The statements in the code snippet above are not part of the initialization of undefined variables. Therefore, their copy or modified versions should not be added here. The values should be self-contained and concrete, i.e. without assumptions or expected replacements of any code that is not present in the code snippet. In case there are undefined attributes or methods and the attribute or method base is not initialized, initialize the attribute or method base using type(""Mock"", bases, dict), where bases is a tuple containing the base classes that the Mock object inherits from, e.g. object, and dict is a dictionary containing the initialization of the undefined attributes and methods in the code snippet.
initialization: string[];
}
```","[
    {
        ""imports"": [],
        ""initialization"": [
            ""string = 'example_prefix\""'"",
            ""STRING_PREFIX_CHARS = 'example_prefix'""
        ]
    },
    {
        ""imports"": [],
        ""initialization"": [
            ""string = 'abc\""'"",
            ""STRING_PREFIX_CHARS = 'abcdefghijklmnopqrstuvwxyz'""
        ]
    },
    {
        ""imports"": [],
        ""initialization"": [
            ""string = 'prefix\""hello'"",
            ""STRING_PREFIX_CHARS = 'prefix'""
        ]
    },
    {
        ""imports"": [],
        ""initialization"": [
            ""string = 'prefix\""value\""'"",
            ""STRING_PREFIX_CHARS = 'prefix'""
        ]
    },
    {
        ""imports"": [],
        ""initialization"": [
            ""string = 'prefix\""\""'"",
            ""STRING_PREFIX_CHARS = 'prefix'""
        ]
    },
    {
        ""imports"": [],
        ""initialization"": [
            ""string = 'some_prefix\""'"",
            ""STRING_PREFIX_CHARS = 'some_prefix'""
        ]
    },
    {
        ""imports"": [],
        ""initialization"": [
            ""string = 'hello world'"",
            ""STRING_PREFIX_CHARS = 'abcdefghij'""
        ]
    },
    {
        ""imports"": [],
        ""initialization"": [
            ""string = 'abc\""def'  # starts with prefix 'abc' and ends with a non-quote character"",
            ""STRING_PREFIX_CHARS = 'abcdefg'""
        ]
    },
    {
        ""imports"": [],
        ""initialization"": [
            ""string = 'prefix\""value\""'"",
            ""STRING_PREFIX_CHARS = 'prefix'""
        ]
    },
    {
        ""imports"": [],
        ""initialization"": [
            ""string = \""'valid_prefix'\"""",
            ""STRING_PREFIX_CHARS = 'valid_prefix'""
        ]
    }
]","[
    {
        ""imports"": [
            """"
        ],
        ""initialization"": [
            ""string = 'example_prefix\""' # pragma: no cover"",
            ""STRING_PREFIX_CHARS = 'example_prefix' # pragma: no cover""
        ]
    },
    {
        ""imports"": [
            """"
        ],
        ""initialization"": [
            ""string = 'abc\""' # pragma: no cover"",
            ""STRING_PREFIX_CHARS = 'abcdefghijklmnopqrstuvwxyz' # pragma: no cover""
        ]
    },
    {
        ""imports"": [
            """"
        ],
        ""initialization"": [
            ""string = 'prefix\""hello' # pragma: no cover"",
            ""STRING_PREFIX_CHARS = 'prefix' # pragma: no cover""
        ]
    },
    {
        ""imports"": [
            """"
        ],
        ""initialization"": [
            ""string = 'prefix\""value\""' # pragma: no cover"",
            ""STRING_PREFIX_CHARS = 'prefix' # pragma: no cover""
        ]
    },
    {
        ""imports"": [
            """"
        ],
        ""initialization"": [
            ""string = 'prefix\""\""' # pragma: no cover"",
            ""STRING_PREFIX_CHARS = 'prefix' # pragma: no cover""
        ]
    },
    {
        ""imports"": [
            """"
        ],
        ""initialization"": [
            ""string = 'some_prefix\""' # pragma: no cover"",
            ""STRING_PREFIX_CHARS = 'some_prefix' # pragma: no cover""
        ]
    },
    {
        ""imports"": [
            """"
        ],
        ""initialization"": [
            ""string = 'hello world' # pragma: no cover"",
            ""STRING_PREFIX_CHARS = 'abcdefghij' # pragma: no cover""
        ]
    },
    {
        ""imports"": [
            """"
        ],
        ""initialization"": [
            ""string = 'abc\""def'  # starts with prefix 'abc' and ends with a non-quote character # pragma: no cover"",
            ""STRING_PREFIX_CHARS = 'abcdefg' # pragma: no cover""
        ]
    },
    {
        ""imports"": [
            """"
        ],
        ""initialization"": [
            ""string = 'prefix\""value\""' # pragma: no cover"",
            ""STRING_PREFIX_CHARS = 'prefix' # pragma: no cover""
        ]
    },
    {
        ""imports"": [
            """"
        ],
        ""initialization"": [
            ""string = \""'valid_prefix'\"" # pragma: no cover"",
            ""STRING_PREFIX_CHARS = 'valid_prefix' # pragma: no cover""
        ]
    }
]",3,2679,0.0013395,414,0.000621,0.0019605
"When trying to execute the code snippet with the provided imports and initialization, the lines with # uncovered are not executed.

# begin code snippet
""""""
    Checks the pre-condition that @string has the format that you would expect
    of `leaf.value` where `leaf` is some Leaf such that `leaf.type ==
    token.STRING`. A more precise description of the pre-conditions that are
    checked are listed below.
    Pre-conditions:
        * @string starts with either ', "", <prefix>', or <prefix>"" where
        `set(<prefix>)` is some subset of `set(STRING_PREFIX_CHARS)`.
        * @string ends with a quote character (' or "").
    Raises:
        AssertionError(...) if the pre-conditions listed above are not
        satisfied.
    """"""
dquote_idx = string.find('""')
squote_idx = string.find(""'"")
if -1 in [dquote_idx, squote_idx]:
    quote_idx = max(dquote_idx, squote_idx)
else: # uncovered
    quote_idx = min(squote_idx, dquote_idx) # uncovered
assert ( # uncovered
    0 <= quote_idx < len(string) - 1 # uncovered
), f""{string!r} is missing a starting quote character (' or \"").""
assert string[-1] in ( # uncovered
    ""'"", # uncovered
    '""', # uncovered
), f""{string!r} is missing an ending quote character (' or \"").""
assert set(string[:quote_idx]).issubset( # uncovered
    set(STRING_PREFIX_CHARS) # uncovered
), f""{set(string[:quote_idx])} is NOT a subset of {set(STRING_PREFIX_CHARS)}.""

# end code snippet

Please, provide self-contained and concrete Python modified values of the imports and initialization to execute one of the uncovered paths in the code snippet.
Respond strictly with JSON. The JSON should be compatible with the TypeScript type `Response` from the following:

```ts
interface Response {
// Python import statements needed in the initialization code. One string per import.
imports: string[];
// Python code to initialize the undefined variables and make the code snippet executable. One string per undefined variable. The statements in the code snippet above are not part of the initialization of undefined variables. Therefore, their copy or modified versions should not be added here. The values should be self-contained and concrete, i.e. without assumptions or expected replacements of any code that is not present in the code snippet. In case there are undefined attributes or methods and the attribute or method base is not initialized, initialize the attribute or method base using type(""Mock"", bases, dict), where bases is a tuple containing the base classes that the Mock object inherits from, e.g. object, and dict is a dictionary containing the initialization of the undefined attributes and methods in the code snippet.
initialization: string[];
}
```","[
    {
        ""imports"": [],
        ""initialization"": [
            ""string = 'hello\""'"",
            ""STRING_PREFIX_CHARS = 'abcdefgh'""
        ]
    },
    {
        ""imports"": [],
        ""initialization"": [
            ""string = 'prefix\""'"",
            ""STRING_PREFIX_CHARS = 'prefix'""
        ]
    },
    {
        ""imports"": [],
        ""initialization"": [
            ""string = 'abc\""def'  # starts with 'abc', and ends with 'def' which is not a valid ending quote"",
            ""STRING_PREFIX_CHARS = 'abcdefgh'""
        ]
    },
    {
        ""imports"": [],
        ""initialization"": [
            ""string = 'prefix\""value\""'"",
            ""STRING_PREFIX_CHARS = 'prefix'""
        ]
    },
    {
        ""imports"": [],
        ""initialization"": [
            ""string = 'prefix\""value\""'"",
            ""STRING_PREFIX_CHARS = 'prefix'""
        ]
    },
    {
        ""imports"": [],
        ""initialization"": [
            ""string = 'abc\""def'  # Valid input that starts with 'abc' and ends with non-quote character"",
            ""STRING_PREFIX_CHARS = 'abcdefg'""
        ]
    },
    {
        ""imports"": [],
        ""initialization"": [
            ""string = 'prefix\""value\""'"",
            ""STRING_PREFIX_CHARS = 'prefix'""
        ]
    },
    {
        ""imports"": [],
        ""initialization"": [
            ""string = 'prefix-string'  # does not have quotes to trigger the uncovered path"",
            ""STRING_PREFIX_CHARS = 'prefix-abcdefghijklmnopqrstuvwxyz'""
        ]
    },
    {
        ""imports"": [],
        ""initialization"": [
            ""string = 'valid_prefix\""'"",
            ""STRING_PREFIX_CHARS = 'valid_prefix'""
        ]
    },
    {
        ""imports"": [],
        ""initialization"": [
            ""string = 'prefix\""value\""'"",
            ""STRING_PREFIX_CHARS = 'prefix'""
        ]
    }
]","[
    {
        ""imports"": [
            """"
        ],
        ""initialization"": [
            ""string = 'hello\""' # pragma: no cover"",
            ""STRING_PREFIX_CHARS = 'abcdefgh' # pragma: no cover""
        ]
    },
    {
        ""imports"": [
            """"
        ],
        ""initialization"": [
            ""string = 'prefix\""' # pragma: no cover"",
            ""STRING_PREFIX_CHARS = 'prefix' # pragma: no cover""
        ]
    },
    {
        ""imports"": [
            """"
        ],
        ""initialization"": [
            ""string = 'abc\""def'  # starts with 'abc', and ends with 'def' which is not a valid ending quote # pragma: no cover"",
            ""STRING_PREFIX_CHARS = 'abcdefgh' # pragma: no cover""
        ]
    },
    {
        ""imports"": [
            """"
        ],
        ""initialization"": [
            ""string = 'prefix\""value\""' # pragma: no cover"",
            ""STRING_PREFIX_CHARS = 'prefix' # pragma: no cover""
        ]
    },
    {
        ""imports"": [
            """"
        ],
        ""initialization"": [
            ""string = 'prefix\""value\""' # pragma: no cover"",
            ""STRING_PREFIX_CHARS = 'prefix' # pragma: no cover""
        ]
    },
    {
        ""imports"": [
            """"
        ],
        ""initialization"": [
            ""string = 'abc\""def'  # Valid input that starts with 'abc' and ends with non-quote character # pragma: no cover"",
            ""STRING_PREFIX_CHARS = 'abcdefg' # pragma: no cover""
        ]
    },
    {
        ""imports"": [
            """"
        ],
        ""initialization"": [
            ""string = 'prefix\""value\""' # pragma: no cover"",
            ""STRING_PREFIX_CHARS = 'prefix' # pragma: no cover""
        ]
    },
    {
        ""imports"": [
            """"
        ],
        ""initialization"": [
            ""string = 'prefix-string'  # does not have quotes to trigger the uncovered path # pragma: no cover"",
            ""STRING_PREFIX_CHARS = 'prefix-abcdefghijklmnopqrstuvwxyz' # pragma: no cover""
        ]
    },
    {
        ""imports"": [
            """"
        ],
        ""initialization"": [
            ""string = 'valid_prefix\""' # pragma: no cover"",
            ""STRING_PREFIX_CHARS = 'valid_prefix' # pragma: no cover""
        ]
    },
    {
        ""imports"": [
            """"
        ],
        ""initialization"": [
            ""string = 'prefix\""value\""' # pragma: no cover"",
            ""STRING_PREFIX_CHARS = 'prefix' # pragma: no cover""
        ]
    }
]",3,3690,0.001845,446,0.000669,0.002514
"When trying to execute the code snippet with the provided imports and initialization, the lines with # uncovered are not executed.

# begin code snippet
""""""
    Checks the pre-condition that @string has the format that you would expect
    of `leaf.value` where `leaf` is some Leaf such that `leaf.type ==
    token.STRING`. A more precise description of the pre-conditions that are
    checked are listed below.
    Pre-conditions:
        * @string starts with either ', "", <prefix>', or <prefix>"" where
        `set(<prefix>)` is some subset of `set(STRING_PREFIX_CHARS)`.
        * @string ends with a quote character (' or "").
    Raises:
        AssertionError(...) if the pre-conditions listed above are not
        satisfied.
    """"""
dquote_idx = string.find('""')
squote_idx = string.find(""'"")
if -1 in [dquote_idx, squote_idx]:
    quote_idx = max(dquote_idx, squote_idx)
else: # uncovered
    quote_idx = min(squote_idx, dquote_idx) # uncovered
assert ( # uncovered
    0 <= quote_idx < len(string) - 1 # uncovered
), f""{string!r} is missing a starting quote character (' or \"").""
assert string[-1] in ( # uncovered
    ""'"", # uncovered
    '""', # uncovered
), f""{string!r} is missing an ending quote character (' or \"").""
assert set(string[:quote_idx]).issubset( # uncovered
    set(STRING_PREFIX_CHARS) # uncovered
), f""{set(string[:quote_idx])} is NOT a subset of {set(STRING_PREFIX_CHARS)}.""

# end code snippet

Please, provide self-contained and concrete Python modified values of the imports and initialization to execute one of the uncovered paths in the code snippet.
Respond strictly with JSON. The JSON should be compatible with the TypeScript type `Response` from the following:

```ts
interface Response {
// Python import statements needed in the initialization code. One string per import.
imports: string[];
// Python code to initialize the undefined variables and make the code snippet executable. One string per undefined variable. The statements in the code snippet above are not part of the initialization of undefined variables. Therefore, their copy or modified versions should not be added here. The values should be self-contained and concrete, i.e. without assumptions or expected replacements of any code that is not present in the code snippet. In case there are undefined attributes or methods and the attribute or method base is not initialized, initialize the attribute or method base using type(""Mock"", bases, dict), where bases is a tuple containing the base classes that the Mock object inherits from, e.g. object, and dict is a dictionary containing the initialization of the undefined attributes and methods in the code snippet.
initialization: string[];
}
```","[
    {
        ""imports"": [],
        ""initialization"": [
            ""string = '\""prefix_test'  # starts with a quote but does not end correctly"",
            ""STRING_PREFIX_CHARS = 'prefix'""
        ]
    },
    {
        ""imports"": [],
        ""initialization"": [
            ""string = '\""example_prefix\""'"",
            ""STRING_PREFIX_CHARS = 'example_prefix'""
        ]
    },
    {
        ""imports"": [],
        ""initialization"": [
            ""string = 'prefix\""'"",
            ""STRING_PREFIX_CHARS = 'prefix'""
        ]
    },
    {
        ""imports"": [],
        ""initialization"": [
            ""string = 'prefix\""example'  # this input has a starting prefix but no ending quote"",
            ""STRING_PREFIX_CHARS = 'abcdefghijklmnopqrstuvwxyz'""
        ]
    },
    {
        ""imports"": [],
        ""initialization"": [
            ""string = '\""valid_prefix\""'"",
            ""STRING_PREFIX_CHARS = 'valid_prefix'""
        ]
    },
    {
        ""imports"": [],
        ""initialization"": [
            ""STRING_PREFIX_CHARS = 'abcdefg'"",
            ""string = 'abc\""'""
        ]
    },
    {
        ""imports"": [],
        ""initialization"": [
            ""string = 'prefix\""value\""'"",
            ""STRING_PREFIX_CHARS = 'prefix'""
        ]
    },
    {
        ""imports"": [],
        ""initialization"": [
            ""string = 'prefix\""value\""'"",
            ""STRING_PREFIX_CHARS = 'prefix'""
        ]
    },
    {
        ""imports"": [],
        ""initialization"": [
            ""string = 'abc\""def'  # Valid input that has no starting quote"",
            ""STRING_PREFIX_CHARS = 'abcdef'""
        ]
    },
    {
        ""imports"": [],
        ""initialization"": [
            ""string = 'prefix\""value\""'"",
            ""STRING_PREFIX_CHARS = 'prefix'""
        ]
    }
]","[
    {
        ""imports"": [
            """"
        ],
        ""initialization"": [
            ""string = '\""prefix_test'  # starts with a quote but does not end correctly # pragma: no cover"",
            ""STRING_PREFIX_CHARS = 'prefix' # pragma: no cover""
        ]
    },
    {
        ""imports"": [
            """"
        ],
        ""initialization"": [
            ""string = '\""example_prefix\""' # pragma: no cover"",
            ""STRING_PREFIX_CHARS = 'example_prefix' # pragma: no cover""
        ]
    },
    {
        ""imports"": [
            """"
        ],
        ""initialization"": [
            ""string = 'prefix\""' # pragma: no cover"",
            ""STRING_PREFIX_CHARS = 'prefix' # pragma: no cover""
        ]
    },
    {
        ""imports"": [
            """"
        ],
        ""initialization"": [
            ""string = 'prefix\""example'  # this input has a starting prefix but no ending quote # pragma: no cover"",
            ""STRING_PREFIX_CHARS = 'abcdefghijklmnopqrstuvwxyz' # pragma: no cover""
        ]
    },
    {
        ""imports"": [
            """"
        ],
        ""initialization"": [
            ""string = '\""valid_prefix\""' # pragma: no cover"",
            ""STRING_PREFIX_CHARS = 'valid_prefix' # pragma: no cover""
        ]
    },
    {
        ""imports"": [
            """"
        ],
        ""initialization"": [
            ""STRING_PREFIX_CHARS = 'abcdefg' # pragma: no cover"",
            ""string = 'abc\""' # pragma: no cover""
        ]
    },
    {
        ""imports"": [
            """"
        ],
        ""initialization"": [
            ""string = 'prefix\""value\""' # pragma: no cover"",
            ""STRING_PREFIX_CHARS = 'prefix' # pragma: no cover""
        ]
    },
    {
        ""imports"": [
            """"
        ],
        ""initialization"": [
            ""string = 'prefix\""value\""' # pragma: no cover"",
            ""STRING_PREFIX_CHARS = 'prefix' # pragma: no cover""
        ]
    },
    {
        ""imports"": [
            """"
        ],
        ""initialization"": [
            ""string = 'abc\""def'  # Valid input that has no starting quote # pragma: no cover"",
            ""STRING_PREFIX_CHARS = 'abcdef' # pragma: no cover""
        ]
    },
    {
        ""imports"": [
            """"
        ],
        ""initialization"": [
            ""string = 'prefix\""value\""' # pragma: no cover"",
            ""STRING_PREFIX_CHARS = 'prefix' # pragma: no cover""
        ]
    }
]",3,4733,0.0023665,433,0.0006495,0.003016
"When trying to execute the code snippet with the provided imports and initialization, the lines with # uncovered are not executed.

# begin code snippet
""""""
    Checks the pre-condition that @string has the format that you would expect
    of `leaf.value` where `leaf` is some Leaf such that `leaf.type ==
    token.STRING`. A more precise description of the pre-conditions that are
    checked are listed below.
    Pre-conditions:
        * @string starts with either ', "", <prefix>', or <prefix>"" where
        `set(<prefix>)` is some subset of `set(STRING_PREFIX_CHARS)`.
        * @string ends with a quote character (' or "").
    Raises:
        AssertionError(...) if the pre-conditions listed above are not
        satisfied.
    """"""
dquote_idx = string.find('""')
squote_idx = string.find(""'"")
if -1 in [dquote_idx, squote_idx]:
    quote_idx = max(dquote_idx, squote_idx)
else: # uncovered
    quote_idx = min(squote_idx, dquote_idx) # uncovered
assert ( # uncovered
    0 <= quote_idx < len(string) - 1 # uncovered
), f""{string!r} is missing a starting quote character (' or \"").""
assert string[-1] in ( # uncovered
    ""'"", # uncovered
    '""', # uncovered
), f""{string!r} is missing an ending quote character (' or \"").""
assert set(string[:quote_idx]).issubset( # uncovered
    set(STRING_PREFIX_CHARS) # uncovered
), f""{set(string[:quote_idx])} is NOT a subset of {set(STRING_PREFIX_CHARS)}.""

# end code snippet

Please, provide self-contained and concrete Python modified values of the imports and initialization to execute one of the uncovered paths in the code snippet.
Respond strictly with JSON. The JSON should be compatible with the TypeScript type `Response` from the following:

```ts
interface Response {
// Python import statements needed in the initialization code. One string per import.
imports: string[];
// Python code to initialize the undefined variables and make the code snippet executable. One string per undefined variable. The statements in the code snippet above are not part of the initialization of undefined variables. Therefore, their copy or modified versions should not be added here. The values should be self-contained and concrete, i.e. without assumptions or expected replacements of any code that is not present in the code snippet. In case there are undefined attributes or methods and the attribute or method base is not initialized, initialize the attribute or method base using type(""Mock"", bases, dict), where bases is a tuple containing the base classes that the Mock object inherits from, e.g. object, and dict is a dictionary containing the initialization of the undefined attributes and methods in the code snippet.
initialization: string[];
}
```","[
    {
        ""imports"": [],
        ""initialization"": [
            ""string = 'example_prefix\""'"",
            ""STRING_PREFIX_CHARS = 'abcdefghijklmnopqrstuvwxyz'""
        ]
    },
    {
        ""imports"": [],
        ""initialization"": [
            ""string = 'prefix\""missingEndingQuote'"",
            ""STRING_PREFIX_CHARS = 'prefix'""
        ]
    },
    {
        ""imports"": [],
        ""initialization"": [
            ""string = '\""test_prefix\"""",
            "",  # string with a starting and ending quote, but no valid prefix"",
            ""STRING_PREFIX_CHARS = 'test_prefix'""
        ]
    },
    {
        ""imports"": [],
        ""initialization"": [
            ""string = 'prefix'"",
            ""STRING_PREFIX_CHARS = 'prefix'""
        ]
    },
    {
        ""imports"": [],
        ""initialization"": [
            ""string = 'abcdefgh'"",
            ""STRING_PREFIX_CHARS = 'abcdef'""
        ]
    },
    {
        ""imports"": [],
        ""initialization"": [
            ""string = 'prefix\""test'  # starts with prefix but does not end with a quote character"",
            ""STRING_PREFIX_CHARS = 'prefix'""
        ]
    },
    {
        ""imports"": [],
        ""initialization"": [
            ""string = 'example_prefix\""'"",
            ""STRING_PREFIX_CHARS = 'example_prefix'""
        ]
    },
    {
        ""imports"": [],
        ""initialization"": [
            ""string = 'prefix\""example\""'"",
            ""STRING_PREFIX_CHARS = 'prefix'""
        ]
    },
    {
        ""imports"": [],
        ""initialization"": [
            ""string = 'abc\""'"",
            ""STRING_PREFIX_CHARS = 'abcdefghijklmnopqrstuvwxyz'""
        ]
    },
    {
        ""imports"": [],
        ""initialization"": [
            ""string = 'prefix_value\""'"",
            ""STRING_PREFIX_CHARS = 'prefix'""
        ]
    }
]","[
    {
        ""imports"": [
            """"
        ],
        ""initialization"": [
            ""string = 'example_prefix\""' # pragma: no cover"",
            ""STRING_PREFIX_CHARS = 'abcdefghijklmnopqrstuvwxyz' # pragma: no cover""
        ]
    },
    {
        ""imports"": [
            """"
        ],
        ""initialization"": [
            ""string = 'prefix\""missingEndingQuote' # pragma: no cover"",
            ""STRING_PREFIX_CHARS = 'prefix' # pragma: no cover""
        ]
    },
    {
        ""imports"": [
            """"
        ],
        ""initialization"": [
            """"
        ]
    },
    {
        ""imports"": [
            """"
        ],
        ""initialization"": [
            ""string = 'prefix' # pragma: no cover"",
            ""STRING_PREFIX_CHARS = 'prefix' # pragma: no cover""
        ]
    },
    {
        ""imports"": [
            """"
        ],
        ""initialization"": [
            ""string = 'abcdefgh' # pragma: no cover"",
            ""STRING_PREFIX_CHARS = 'abcdef' # pragma: no cover""
        ]
    },
    {
        ""imports"": [
            """"
        ],
        ""initialization"": [
            ""string = 'prefix\""test'  # starts with prefix but does not end with a quote character # pragma: no cover"",
            ""STRING_PREFIX_CHARS = 'prefix' # pragma: no cover""
        ]
    },
    {
        ""imports"": [
            """"
        ],
        ""initialization"": [
            ""string = 'example_prefix\""' # pragma: no cover"",
            ""STRING_PREFIX_CHARS = 'example_prefix' # pragma: no cover""
        ]
    },
    {
        ""imports"": [
            """"
        ],
        ""initialization"": [
            ""string = 'prefix\""example\""' # pragma: no cover"",
            ""STRING_PREFIX_CHARS = 'prefix' # pragma: no cover""
        ]
    },
    {
        ""imports"": [
            """"
        ],
        ""initialization"": [
            ""string = 'abc\""' # pragma: no cover"",
            ""STRING_PREFIX_CHARS = 'abcdefghijklmnopqrstuvwxyz' # pragma: no cover""
        ]
    },
    {
        ""imports"": [
            """"
        ],
        ""initialization"": [
            ""string = 'prefix_value\""' # pragma: no cover"",
            ""STRING_PREFIX_CHARS = 'prefix' # pragma: no cover""
        ]
    }
]",3,5763,0.0028815,426,0.000639,0.0035205
"When trying to execute the code snippet with the provided imports and initialization, the lines with # uncovered are not executed.

# begin code snippet
""""""
    Checks the pre-condition that @string has the format that you would expect
    of `leaf.value` where `leaf` is some Leaf such that `leaf.type ==
    token.STRING`. A more precise description of the pre-conditions that are
    checked are listed below.
    Pre-conditions:
        * @string starts with either ', "", <prefix>', or <prefix>"" where
        `set(<prefix>)` is some subset of `set(STRING_PREFIX_CHARS)`.
        * @string ends with a quote character (' or "").
    Raises:
        AssertionError(...) if the pre-conditions listed above are not
        satisfied.
    """"""
dquote_idx = string.find('""')
squote_idx = string.find(""'"")
if -1 in [dquote_idx, squote_idx]:
    quote_idx = max(dquote_idx, squote_idx)
else: # uncovered
    quote_idx = min(squote_idx, dquote_idx) # uncovered
assert ( # uncovered
    0 <= quote_idx < len(string) - 1 # uncovered
), f""{string!r} is missing a starting quote character (' or \"").""
assert string[-1] in ( # uncovered
    ""'"", # uncovered
    '""', # uncovered
), f""{string!r} is missing an ending quote character (' or \"").""
assert set(string[:quote_idx]).issubset( # uncovered
    set(STRING_PREFIX_CHARS) # uncovered
), f""{set(string[:quote_idx])} is NOT a subset of {set(STRING_PREFIX_CHARS)}.""

# end code snippet

Please, provide self-contained and concrete Python modified values of the imports and initialization to execute one of the uncovered paths in the code snippet.
Respond strictly with JSON. The JSON should be compatible with the TypeScript type `Response` from the following:

```ts
interface Response {
// Python import statements needed in the initialization code. One string per import.
imports: string[];
// Python code to initialize the undefined variables and make the code snippet executable. One string per undefined variable. The statements in the code snippet above are not part of the initialization of undefined variables. Therefore, their copy or modified versions should not be added here. The values should be self-contained and concrete, i.e. without assumptions or expected replacements of any code that is not present in the code snippet. In case there are undefined attributes or methods and the attribute or method base is not initialized, initialize the attribute or method base using type(""Mock"", bases, dict), where bases is a tuple containing the base classes that the Mock object inherits from, e.g. object, and dict is a dictionary containing the initialization of the undefined attributes and methods in the code snippet.
initialization: string[];
}
```","[
    {
        ""imports"": [],
        ""initialization"": [
            ""string = 'prefix\\\""'  # string starts with a prefix but does not end with a quote"",
            ""STRING_PREFIX_CHARS = 'prefix'""
        ]
    },
    {
        ""imports"": [],
        ""initialization"": [
            ""string = '\""test_prefix\""'"",
            ""STRING_PREFIX_CHARS = 'test_prefix'""
        ]
    },
    {
        ""imports"": [],
        ""initialization"": [
            ""string = 'prefix\""'  # starts with 'prefix' and has a starting quote but no valid ending quote"",
            ""STRING_PREFIX_CHARS = 'prefix'""
        ]
    },
    {
        ""imports"": [],
        ""initialization"": [
            ""string = 'prefix\""example'  # valid prefix with a missing ending quote"",
            ""STRING_PREFIX_CHARS = 'prefix'""
        ]
    },
    {
        ""imports"": [],
        ""initialization"": [
            ""string = 'prefix\""value'"",
            "",  # This input has a starting prefix but no ending quote"",
            ""STRING_PREFIX_CHARS = 'prefix'""
        ]
    },
    {
        ""imports"": [],
        ""initialization"": [
            ""string = 'prefix_key\""'"",
            ""STRING_PREFIX_CHARS = 'prefix'""
        ]
    },
    {
        ""imports"": [],
        ""initialization"": [
            ""string = 'example_prefix\""'"",
            ""  # Valid start with prefix but without ending quote"",
            ""STRING_PREFIX_CHARS = 'example_prefix'""
        ]
    },
    {
        ""imports"": [],
        ""initialization"": [
            ""string = 'prefix\""abc'"",
            ""STRING_PREFIX_CHARS = 'prefix'""
        ]
    },
    {
        ""imports"": [],
        ""initialization"": [
            ""string = 'prefix\""value'  # starts with a valid prefix but does not end with a closing quote"",
            ""STRING_PREFIX_CHARS = 'prefix'""
        ]
    },
    {
        ""imports"": [],
        ""initialization"": [
            ""string = 'prefix\""value\""'"",
            ""STRING_PREFIX_CHARS = 'prefix'""
        ]
    }
]","[
    {
        ""imports"": [
            """"
        ],
        ""initialization"": [
            ""string = 'prefix\\\""'  # string starts with a prefix but does not end with a quote # pragma: no cover"",
            ""STRING_PREFIX_CHARS = 'prefix' # pragma: no cover""
        ]
    },
    {
        ""imports"": [
            """"
        ],
        ""initialization"": [
            ""string = '\""test_prefix\""' # pragma: no cover"",
            ""STRING_PREFIX_CHARS = 'test_prefix' # pragma: no cover""
        ]
    },
    {
        ""imports"": [
            """"
        ],
        ""initialization"": [
            ""string = 'prefix\""'  # starts with 'prefix' and has a starting quote but no valid ending quote # pragma: no cover"",
            ""STRING_PREFIX_CHARS = 'prefix' # pragma: no cover""
        ]
    },
    {
        ""imports"": [
            """"
        ],
        ""initialization"": [
            ""string = 'prefix\""example'  # valid prefix with a missing ending quote # pragma: no cover"",
            ""STRING_PREFIX_CHARS = 'prefix' # pragma: no cover""
        ]
    },
    {
        ""imports"": [
            """"
        ],
        ""initialization"": [
            ""string = 'prefix\""value' # pragma: no cover""
        ]
    },
    {
        ""imports"": [
            """"
        ],
        ""initialization"": [
            ""string = 'prefix_key\""' # pragma: no cover"",
            ""STRING_PREFIX_CHARS = 'prefix' # pragma: no cover""
        ]
    },
    {
        ""imports"": [
            """"
        ],
        ""initialization"": [
            ""string = 'example_prefix\""' # pragma: no cover"",
            ""  # Valid start with prefix but without ending quote # pragma: no cover"",
            ""STRING_PREFIX_CHARS = 'example_prefix' # pragma: no cover""
        ]
    },
    {
        ""imports"": [
            """"
        ],
        ""initialization"": [
            ""string = 'prefix\""abc' # pragma: no cover"",
            ""STRING_PREFIX_CHARS = 'prefix' # pragma: no cover""
        ]
    },
    {
        ""imports"": [
            """"
        ],
        ""initialization"": [
            ""string = 'prefix\""value'  # starts with a valid prefix but does not end with a closing quote # pragma: no cover"",
            ""STRING_PREFIX_CHARS = 'prefix' # pragma: no cover""
        ]
    },
    {
        ""imports"": [
            """"
        ],
        ""initialization"": [
            ""string = 'prefix\""value\""' # pragma: no cover"",
            ""STRING_PREFIX_CHARS = 'prefix' # pragma: no cover""
        ]
    }
]",3,6786,0.003393,482,0.000723,0.004116
"When trying to execute the code snippet with the provided imports and initialization, the lines with # uncovered are not executed.

# begin code snippet
""""""
    Checks the pre-condition that @string has the format that you would expect
    of `leaf.value` where `leaf` is some Leaf such that `leaf.type ==
    token.STRING`. A more precise description of the pre-conditions that are
    checked are listed below.
    Pre-conditions:
        * @string starts with either ', "", <prefix>', or <prefix>"" where
        `set(<prefix>)` is some subset of `set(STRING_PREFIX_CHARS)`.
        * @string ends with a quote character (' or "").
    Raises:
        AssertionError(...) if the pre-conditions listed above are not
        satisfied.
    """"""
dquote_idx = string.find('""')
squote_idx = string.find(""'"")
if -1 in [dquote_idx, squote_idx]:
    quote_idx = max(dquote_idx, squote_idx)
else: # uncovered
    quote_idx = min(squote_idx, dquote_idx) # uncovered
assert ( # uncovered
    0 <= quote_idx < len(string) - 1 # uncovered
), f""{string!r} is missing a starting quote character (' or \"").""
assert string[-1] in ( # uncovered
    ""'"", # uncovered
    '""', # uncovered
), f""{string!r} is missing an ending quote character (' or \"").""
assert set(string[:quote_idx]).issubset( # uncovered
    set(STRING_PREFIX_CHARS) # uncovered
), f""{set(string[:quote_idx])} is NOT a subset of {set(STRING_PREFIX_CHARS)}.""

# end code snippet

Please, provide self-contained and concrete Python modified values of the imports and initialization to execute one of the uncovered paths in the code snippet.
Respond strictly with JSON. The JSON should be compatible with the TypeScript type `Response` from the following:

```ts
interface Response {
// Python import statements needed in the initialization code. One string per import.
imports: string[];
// Python code to initialize the undefined variables and make the code snippet executable. One string per undefined variable. The statements in the code snippet above are not part of the initialization of undefined variables. Therefore, their copy or modified versions should not be added here. The values should be self-contained and concrete, i.e. without assumptions or expected replacements of any code that is not present in the code snippet. In case there are undefined attributes or methods and the attribute or method base is not initialized, initialize the attribute or method base using type(""Mock"", bases, dict), where bases is a tuple containing the base classes that the Mock object inherits from, e.g. object, and dict is a dictionary containing the initialization of the undefined attributes and methods in the code snippet.
initialization: string[];
}
```","[
    {
        ""imports"": [],
        ""initialization"": [
            ""string = 'prefix\""'  # starts with a prefix but ends with a non-quote character."",
            ""STRING_PREFIX_CHARS = 'abcdef'""
        ]
    },
    {
        ""imports"": [],
        ""initialization"": [
            ""string = 'prefix\""'  # starts with a prefix but does not end correctly"",
            ""STRING_PREFIX_CHARS = 'prefix'""
        ]
    },
    {
        ""imports"": [],
        ""initialization"": [
            ""string = 'abc\\\""'"",
            ""  # The string starts with 'abc' and ends with a quote but no valid prefix"",
            ""STRING_PREFIX_CHARS = 'xyz'""
        ]
    },
    {
        ""imports"": [],
        ""initialization"": [
            ""string = '\""prefix\""abc'  # valid prefix at start, but no valid ending quote"",
            ""STRING_PREFIX_CHARS = 'prefix'""
        ]
    },
    {
        ""imports"": [],
        ""initialization"": [
            ""string = 'prefix\""value'  # Starting with a valid prefix but missing closing quote"",
            ""STRING_PREFIX_CHARS = 'prefix'""
        ]
    },
    {
        ""imports"": [],
        ""initialization"": [
            ""string = 'prefix\""content'"",
            ""  # Input starts with a valid prefix but is missing a closing quote"",
            ""STRING_PREFIX_CHARS = 'prefix'""
        ]
    },
    {
        ""imports"": [],
        ""initialization"": [
            ""string = 'prefix\\\""value'"",
            ""  # Starts with a valid prefix but does not end with a closing quote"",
            ""STRING_PREFIX_CHARS = 'prefix'""
        ]
    },
    {
        ""imports"": [],
        ""initialization"": [
            ""string = '\""prefix_value\""'"",
            ""STRING_PREFIX_CHARS = 'prefix'""
        ]
    },
    {
        ""imports"": [],
        ""initialization"": [
            ""string = 'example_string\""'"",
            ""  # Starts with a valid prefix but has an ending quote"",
            ""STRING_PREFIX_CHARS = 'example_string'""
        ]
    },
    {
        ""imports"": [],
        ""initialization"": [
            ""string = 'prefix\""missing_quote'"",
            ""  # Starts with 'prefix' but has no closing quote"",
            ""STRING_PREFIX_CHARS = 'prefix'""
        ]
    }
]","[
    {
        ""imports"": [
            """"
        ],
        ""initialization"": [
            ""string = 'prefix\""'  # starts with a prefix but ends with a non-quote character. # pragma: no cover"",
            ""STRING_PREFIX_CHARS = 'abcdef' # pragma: no cover""
        ]
    },
    {
        ""imports"": [
            """"
        ],
        ""initialization"": [
            ""string = 'prefix\""'  # starts with a prefix but does not end correctly # pragma: no cover"",
            ""STRING_PREFIX_CHARS = 'prefix' # pragma: no cover""
        ]
    },
    {
        ""imports"": [
            """"
        ],
        ""initialization"": [
            ""string = 'abc\\\""' # pragma: no cover"",
            ""  # The string starts with 'abc' and ends with a quote but no valid prefix # pragma: no cover"",
            ""STRING_PREFIX_CHARS = 'xyz' # pragma: no cover""
        ]
    },
    {
        ""imports"": [
            """"
        ],
        ""initialization"": [
            ""string = '\""prefix\""abc'  # valid prefix at start, but no valid ending quote # pragma: no cover"",
            ""STRING_PREFIX_CHARS = 'prefix' # pragma: no cover""
        ]
    },
    {
        ""imports"": [
            """"
        ],
        ""initialization"": [
            ""string = 'prefix\""value'  # Starting with a valid prefix but missing closing quote # pragma: no cover"",
            ""STRING_PREFIX_CHARS = 'prefix' # pragma: no cover""
        ]
    },
    {
        ""imports"": [
            """"
        ],
        ""initialization"": [
            ""string = 'prefix\""content' # pragma: no cover"",
            ""  # Input starts with a valid prefix but is missing a closing quote # pragma: no cover"",
            ""STRING_PREFIX_CHARS = 'prefix' # pragma: no cover""
        ]
    },
    {
        ""imports"": [
            """"
        ],
        ""initialization"": [
            ""string = 'prefix\\\""value' # pragma: no cover"",
            ""  # Starts with a valid prefix but does not end with a closing quote # pragma: no cover"",
            ""STRING_PREFIX_CHARS = 'prefix' # pragma: no cover""
        ]
    },
    {
        ""imports"": [
            """"
        ],
        ""initialization"": [
            ""string = '\""prefix_value\""' # pragma: no cover"",
            ""STRING_PREFIX_CHARS = 'prefix' # pragma: no cover""
        ]
    },
    {
        ""imports"": [
            """"
        ],
        ""initialization"": [
            ""string = 'example_string\""' # pragma: no cover"",
            ""  # Starts with a valid prefix but has an ending quote # pragma: no cover"",
            ""STRING_PREFIX_CHARS = 'example_string' # pragma: no cover""
        ]
    },
    {
        ""imports"": [
            """"
        ],
        ""initialization"": [
            ""string = 'prefix\""missing_quote' # pragma: no cover"",
            ""  # Starts with 'prefix' but has no closing quote # pragma: no cover"",
            ""STRING_PREFIX_CHARS = 'prefix' # pragma: no cover""
        ]
    }
]",3,7865,0.0039325,532,0.000798,0.0047305
"When trying to execute the code snippet with the provided imports and initialization, the lines with # uncovered are not executed.

# begin code snippet
""""""
    Checks the pre-condition that @string has the format that you would expect
    of `leaf.value` where `leaf` is some Leaf such that `leaf.type ==
    token.STRING`. A more precise description of the pre-conditions that are
    checked are listed below.
    Pre-conditions:
        * @string starts with either ', "", <prefix>', or <prefix>"" where
        `set(<prefix>)` is some subset of `set(STRING_PREFIX_CHARS)`.
        * @string ends with a quote character (' or "").
    Raises:
        AssertionError(...) if the pre-conditions listed above are not
        satisfied.
    """"""
dquote_idx = string.find('""')
squote_idx = string.find(""'"")
if -1 in [dquote_idx, squote_idx]:
    quote_idx = max(dquote_idx, squote_idx)
else: # uncovered
    quote_idx = min(squote_idx, dquote_idx) # uncovered
assert ( # uncovered
    0 <= quote_idx < len(string) - 1 # uncovered
), f""{string!r} is missing a starting quote character (' or \"").""
assert string[-1] in ( # uncovered
    ""'"", # uncovered
    '""', # uncovered
), f""{string!r} is missing an ending quote character (' or \"").""
assert set(string[:quote_idx]).issubset( # uncovered
    set(STRING_PREFIX_CHARS) # uncovered
), f""{set(string[:quote_idx])} is NOT a subset of {set(STRING_PREFIX_CHARS)}.""

# end code snippet

Please, provide self-contained and concrete Python modified values of the imports and initialization to execute one of the uncovered paths in the code snippet.
Respond strictly with JSON. The JSON should be compatible with the TypeScript type `Response` from the following:

```ts
interface Response {
// Python import statements needed in the initialization code. One string per import.
imports: string[];
// Python code to initialize the undefined variables and make the code snippet executable. One string per undefined variable. The statements in the code snippet above are not part of the initialization of undefined variables. Therefore, their copy or modified versions should not be added here. The values should be self-contained and concrete, i.e. without assumptions or expected replacements of any code that is not present in the code snippet. In case there are undefined attributes or methods and the attribute or method base is not initialized, initialize the attribute or method base using type(""Mock"", bases, dict), where bases is a tuple containing the base classes that the Mock object inherits from, e.g. object, and dict is a dictionary containing the initialization of the undefined attributes and methods in the code snippet.
initialization: string[];
}
```","[
    {
        ""imports"": [],
        ""initialization"": [
            ""string = 'hello'"",
            ""  # A string without any quotes to trigger the assertion errors"",
            ""STRING_PREFIX_CHARS = 'xyz'""
        ]
    },
    {
        ""imports"": [],
        ""initialization"": [
            ""string = 'sample_prefix\""'"",
            ""  # Starts with a valid prefix but has no closing quote"",
            ""STRING_PREFIX_CHARS = 'sample_prefix'""
        ]
    },
    {
        ""imports"": [],
        ""initialization"": [
            ""string = 'prefix\""missing_end'  # starts with a valid prefix but does not end with a quote"",
            ""STRING_PREFIX_CHARS = 'prefix'""
        ]
    },
    {
        ""imports"": [],
        ""initialization"": [
            ""string = 'prefix\\\""'"",
            ""STRING_PREFIX_CHARS = 'prefix'""
        ]
    },
    {
        ""imports"": [],
        ""initialization"": [
            ""string = 'prefix\""test_value\"""",
            "",  # Starts with a prefix and does not end with a valid closing quote"",
            ""STRING_PREFIX_CHARS = 'prefix'""
        ]
    },
    {
        ""imports"": [],
        ""initialization"": [
            ""string = '\""example\""'"",
            ""  # this string starts with a quote and ends correctly"",
            ""STRING_PREFIX_CHARS = 'efghijklmnopqrstuvwxyz'""
        ]
    },
    {
        ""imports"": [],
        ""initialization"": [
            ""string = 'valid_prefix\""'"",
            ""  # Starts with a valid prefix but does not end with a closing quote"",
            ""STRING_PREFIX_CHARS = 'valid_prefix'""
        ]
    },
    {
        ""imports"": [],
        ""initialization"": [
            ""string = 'prefix\""'"",
            ""  # Input starts with a valid prefix but is missing the ending quote"",
            ""STRING_PREFIX_CHARS = 'prefix'""
        ]
    },
    {
        ""imports"": [],
        ""initialization"": [
            ""string = 'prefix\""abc'  # starts with a prefix but does not have a closing quote"",
            ""STRING_PREFIX_CHARS = 'prefix'""
        ]
    },
    {
        ""imports"": [],
        ""initialization"": [
            ""string = 'prefix\\\""valid'  # Starts with a valid prefix, but ends without a closing quote"",
            ""STRING_PREFIX_CHARS = 'prefix'""
        ]
    }
]","[
    {
        ""imports"": [
            """"
        ],
        ""initialization"": [
            ""string = 'hello' # pragma: no cover"",
            ""  # A string without any quotes to trigger the assertion errors # pragma: no cover"",
            ""STRING_PREFIX_CHARS = 'xyz' # pragma: no cover""
        ]
    },
    {
        ""imports"": [
            """"
        ],
        ""initialization"": [
            ""string = 'sample_prefix\""' # pragma: no cover"",
            ""  # Starts with a valid prefix but has no closing quote # pragma: no cover"",
            ""STRING_PREFIX_CHARS = 'sample_prefix' # pragma: no cover""
        ]
    },
    {
        ""imports"": [
            """"
        ],
        ""initialization"": [
            ""string = 'prefix\""missing_end'  # starts with a valid prefix but does not end with a quote # pragma: no cover"",
            ""STRING_PREFIX_CHARS = 'prefix' # pragma: no cover""
        ]
    },
    {
        ""imports"": [
            """"
        ],
        ""initialization"": [
            ""string = 'prefix\\\""' # pragma: no cover"",
            ""STRING_PREFIX_CHARS = 'prefix' # pragma: no cover""
        ]
    },
    {
        ""imports"": [
            """"
        ],
        ""initialization"": [
            """"
        ]
    },
    {
        ""imports"": [
            """"
        ],
        ""initialization"": [
            ""string = '\""example\""' # pragma: no cover"",
            ""  # this string starts with a quote and ends correctly # pragma: no cover"",
            ""STRING_PREFIX_CHARS = 'efghijklmnopqrstuvwxyz' # pragma: no cover""
        ]
    },
    {
        ""imports"": [
            """"
        ],
        ""initialization"": [
            ""string = 'valid_prefix\""' # pragma: no cover"",
            ""  # Starts with a valid prefix but does not end with a closing quote # pragma: no cover"",
            ""STRING_PREFIX_CHARS = 'valid_prefix' # pragma: no cover""
        ]
    },
    {
        ""imports"": [
            """"
        ],
        ""initialization"": [
            ""string = 'prefix\""' # pragma: no cover"",
            ""  # Input starts with a valid prefix but is missing the ending quote # pragma: no cover"",
            ""STRING_PREFIX_CHARS = 'prefix' # pragma: no cover""
        ]
    },
    {
        ""imports"": [
            """"
        ],
        ""initialization"": [
            ""string = 'prefix\""abc'  # starts with a prefix but does not have a closing quote # pragma: no cover"",
            ""STRING_PREFIX_CHARS = 'prefix' # pragma: no cover""
        ]
    },
    {
        ""imports"": [
            """"
        ],
        ""initialization"": [
            ""string = 'prefix\\\""valid'  # Starts with a valid prefix, but ends without a closing quote # pragma: no cover"",
            ""STRING_PREFIX_CHARS = 'prefix' # pragma: no cover""
        ]
    }
]",3,8994,0.004497,536,0.000804,0.005301
"When trying to execute the code snippet with the provided imports and initialization, the lines with # uncovered are not executed.

# begin code snippet
""""""
    Checks the pre-condition that @string has the format that you would expect
    of `leaf.value` where `leaf` is some Leaf such that `leaf.type ==
    token.STRING`. A more precise description of the pre-conditions that are
    checked are listed below.
    Pre-conditions:
        * @string starts with either ', "", <prefix>', or <prefix>"" where
        `set(<prefix>)` is some subset of `set(STRING_PREFIX_CHARS)`.
        * @string ends with a quote character (' or "").
    Raises:
        AssertionError(...) if the pre-conditions listed above are not
        satisfied.
    """"""
dquote_idx = string.find('""')
squote_idx = string.find(""'"")
if -1 in [dquote_idx, squote_idx]:
    quote_idx = max(dquote_idx, squote_idx)
else: # uncovered
    quote_idx = min(squote_idx, dquote_idx) # uncovered
assert ( # uncovered
    0 <= quote_idx < len(string) - 1 # uncovered
), f""{string!r} is missing a starting quote character (' or \"").""
assert string[-1] in ( # uncovered
    ""'"", # uncovered
    '""', # uncovered
), f""{string!r} is missing an ending quote character (' or \"").""
assert set(string[:quote_idx]).issubset( # uncovered
    set(STRING_PREFIX_CHARS) # uncovered
), f""{set(string[:quote_idx])} is NOT a subset of {set(STRING_PREFIX_CHARS)}.""

# end code snippet

Please, provide self-contained and concrete Python modified values of the imports and initialization to execute one of the uncovered paths in the code snippet.
Respond strictly with JSON. The JSON should be compatible with the TypeScript type `Response` from the following:

```ts
interface Response {
// Python import statements needed in the initialization code. One string per import.
imports: string[];
// Python code to initialize the undefined variables and make the code snippet executable. One string per undefined variable. The statements in the code snippet above are not part of the initialization of undefined variables. Therefore, their copy or modified versions should not be added here. The values should be self-contained and concrete, i.e. without assumptions or expected replacements of any code that is not present in the code snippet. In case there are undefined attributes or methods and the attribute or method base is not initialized, initialize the attribute or method base using type(""Mock"", bases, dict), where bases is a tuple containing the base classes that the Mock object inherits from, e.g. object, and dict is a dictionary containing the initialization of the undefined attributes and methods in the code snippet.
initialization: string[];
}
```","[
    {
        ""imports"": [],
        ""initialization"": [
            ""string = 'no_quotes'"",
            ""  # A string without any quotes to trigger coverage of uncovered assertions"",
            ""STRING_PREFIX_CHARS = 'abcdefghijklmnopqrstuvwxyz'""
        ]
    },
    {
        ""imports"": [],
        ""initialization"": [
            ""string = '\""missing_end'  # Starts with a quote but does not end correctly"",
            ""STRING_PREFIX_CHARS = 'abcdef'""
        ]
    },
    {
        ""imports"": [],
        ""initialization"": [
            ""string = 'prefix\""'"",
            ""  # Starts with a valid prefix but lacks a closing quote"",
            ""STRING_PREFIX_CHARS = 'prefix'""
        ]
    },
    {
        ""imports"": [],
        ""initialization"": [
            ""string = 'prefix\\\""value'"",
            ""  # Starts with 'prefix' and ends without a closing quote"",
            ""STRING_PREFIX_CHARS = 'prefix'""
        ]
    },
    {
        ""imports"": [],
        ""initialization"": [
            ""string = 'string_without_quotes'  # A string that has neither opening nor closing quotes"",
            ""STRING_PREFIX_CHARS = 'valid_prefix_characters'""
        ]
    },
    {
        ""imports"": [],
        ""initialization"": [
            ""string = 'hello_world'"",
            ""  # A string without quotes to trigger all assertion errors"",
            ""STRING_PREFIX_CHARS = 'abcdef'""
        ]
    },
    {
        ""imports"": [],
        ""initialization"": [
            ""string = 'prefix\\\""'"",
            ""  # Starts with a valid prefix but does not close with a valid quote."",
            ""STRING_PREFIX_CHARS = 'prefix'""
        ]
    },
    {
        ""imports"": [],
        ""initialization"": [
            ""string = '\""prefix'  # Valid prefix but does not end with a quote"",
            ""STRING_PREFIX_CHARS = 'prefix'""
        ]
    },
    {
        ""imports"": [],
        ""initialization"": [
            ""string = 'valid_prefix\""'"",
            ""  # Starts with a valid prefix but has no closing quote"",
            ""STRING_PREFIX_CHARS = 'valid_prefix'""
        ]
    },
    {
        ""imports"": [],
        ""initialization"": [
            ""string = 'prefix_value\""'"",
            ""  # This string starts with a valid prefix but is missing a closing quote."",
            ""STRING_PREFIX_CHARS = 'prefix'""
        ]
    }
]","[
    {
        ""imports"": [
            """"
        ],
        ""initialization"": [
            ""string = 'no_quotes' # pragma: no cover"",
            ""  # A string without any quotes to trigger coverage of uncovered assertions # pragma: no cover"",
            ""STRING_PREFIX_CHARS = 'abcdefghijklmnopqrstuvwxyz' # pragma: no cover""
        ]
    },
    {
        ""imports"": [
            """"
        ],
        ""initialization"": [
            ""string = '\""missing_end'  # Starts with a quote but does not end correctly # pragma: no cover"",
            ""STRING_PREFIX_CHARS = 'abcdef' # pragma: no cover""
        ]
    },
    {
        ""imports"": [
            """"
        ],
        ""initialization"": [
            ""string = 'prefix\""' # pragma: no cover"",
            ""  # Starts with a valid prefix but lacks a closing quote # pragma: no cover"",
            ""STRING_PREFIX_CHARS = 'prefix' # pragma: no cover""
        ]
    },
    {
        ""imports"": [
            """"
        ],
        ""initialization"": [
            ""string = 'prefix\\\""value' # pragma: no cover"",
            ""  # Starts with 'prefix' and ends without a closing quote # pragma: no cover"",
            ""STRING_PREFIX_CHARS = 'prefix' # pragma: no cover""
        ]
    },
    {
        ""imports"": [
            """"
        ],
        ""initialization"": [
            ""string = 'string_without_quotes'  # A string that has neither opening nor closing quotes # pragma: no cover"",
            ""STRING_PREFIX_CHARS = 'valid_prefix_characters' # pragma: no cover""
        ]
    },
    {
        ""imports"": [
            """"
        ],
        ""initialization"": [
            ""string = 'hello_world' # pragma: no cover"",
            ""  # A string without quotes to trigger all assertion errors # pragma: no cover"",
            ""STRING_PREFIX_CHARS = 'abcdef' # pragma: no cover""
        ]
    },
    {
        ""imports"": [
            """"
        ],
        ""initialization"": [
            ""string = 'prefix\\\""' # pragma: no cover"",
            ""  # Starts with a valid prefix but does not close with a valid quote. # pragma: no cover"",
            ""STRING_PREFIX_CHARS = 'prefix' # pragma: no cover""
        ]
    },
    {
        ""imports"": [
            """"
        ],
        ""initialization"": [
            ""string = '\""prefix'  # Valid prefix but does not end with a quote # pragma: no cover"",
            ""STRING_PREFIX_CHARS = 'prefix' # pragma: no cover""
        ]
    },
    {
        ""imports"": [
            """"
        ],
        ""initialization"": [
            ""string = 'valid_prefix\""' # pragma: no cover"",
            ""  # Starts with a valid prefix but has no closing quote # pragma: no cover"",
            ""STRING_PREFIX_CHARS = 'valid_prefix' # pragma: no cover""
        ]
    },
    {
        ""imports"": [
            """"
        ],
        ""initialization"": [
            ""string = 'prefix_value\""' # pragma: no cover"",
            ""  # This string starts with a valid prefix but is missing a closing quote. # pragma: no cover"",
            ""STRING_PREFIX_CHARS = 'prefix' # pragma: no cover""
        ]
    }
]",3,10127,0.0050635,539,0.0008085,0.0058720000000000005
