file,predictor,prediction_type,execution_time,num_executions,initial_predictions_indexes,refined_predictions_indexes,guide_attempt,guided_predictions_indexes,covered_lines,num_covered_lines,total_lines,coverage_percentage,minimal_predictions_set,minimal_predictions_set_size,max_coverage_prediction,max_coverage_prediction_value,avg_exec_time
./popular_projects_snippets_dataset/scrapy/bodies/body_483.py,GPTValuePredictor,initial,20.15104031562805,1,[],{},0,{},"{19824, 19825, 19822, 19823}",4,4,1.0,['body_483_initial_0'],1,body_483_initial_0,1.0,20.15104031562805
./popular_projects_snippets_dataset/scrapy/bodies/body_483.py,GPTValuePredictor,refine,7.152557373046875e-06,0,[],{},0,{},"{19824, 19825, 19822, 19823}",4,4,1.0,['body_483_initial_0'],1,body_483_initial_0,1.0,0.0
./popular_projects_snippets_dataset/scrapy/bodies/body_483.py,GPTValuePredictor,guide,0.00018358230590820312,0,[],{},0,{},"{19824, 19825, 19822, 19823}",4,4,1.0,['body_483_initial_0'],1,body_483_initial_0,1.0,0.0
