file,predictor,prediction_type,execution_time,num_executions,initial_predictions_indexes,refined_predictions_indexes,guide_attempt,guided_predictions_indexes,covered_lines,num_covered_lines,total_lines,coverage_percentage,minimal_predictions_set,minimal_predictions_set_size,max_coverage_prediction,max_coverage_prediction_value,avg_exec_time
./popular_projects_snippets_dataset/tensorflow/bodies/body_17672.py,GPTValuePredictor,initial,31.415499687194824,3,[2],{},0,{},"{22176, 22175}",2,2,1.0,['body_17672_initial_2'],1,body_17672_initial_2,1.0,10.47183322906494
./popular_projects_snippets_dataset/tensorflow/bodies/body_17672.py,GPTValuePredictor,refine,5.245208740234375e-06,0,[2],{},0,{},"{22176, 22175}",2,2,1.0,['body_17672_initial_2'],1,body_17672_initial_2,1.0,0.0
./popular_projects_snippets_dataset/tensorflow/bodies/body_17672.py,GPTValuePredictor,guide,0.000225067138671875,0,[2],{},0,{},"{22176, 22175}",2,2,1.0,['body_17672_initial_2'],1,body_17672_initial_2,1.0,0.0
